1.0,0.0,0.0
1.0,0.01,0.0
1.0,0.021,0.0
1.0,0.031,0.0
0.999,0.042,0.0
0.999,0.052,0.0
0.998,0.063,0.0
0.997,0.073,0.0
0.996,0.084,0.0
0.996,0.094,0.0
0.995,0.105,0.0
0.993,0.115,0.0
0.992,0.125,0.0
0.991,0.136,0.0
0.989,0.146,0.0
0.988,0.156,0.0
0.986,0.167,0.0
0.984,0.177,0.0
0.982,0.187,0.0
0.98,0.198,0.0
0.978,0.208,0.0
0.976,0.218,0.0
0.974,0.228,0.0
0.971,0.239,0.0
0.969,0.249,0.0
0.966,0.259,0.0
0.963,0.269,0.0
0.96,0.279,0.0
0.957,0.289,0.0
0.954,0.299,0.0
0.951,0.309,0.0
0.948,0.319,0.0
0.944,0.329,0.0
0.941,0.339,0.0
0.937,0.349,0.0
0.934,0.358,0.0
0.93,0.368,0.0
0.926,0.378,0.0
0.922,0.388,0.0
0.918,0.397,0.0
0.914,0.407,0.0
0.909,0.416,0.0
0.905,0.426,0.0
0.9,0.435,0.0
0.896,0.445,0.0
0.891,0.454,0.0
0.886,0.463,0.0
0.881,0.473,0.0
0.876,0.482,0.0
0.871,0.491,0.0
0.866,0.5,0.0
0.861,0.509,0.0
0.855,0.518,0.0
0.85,0.527,0.0
0.844,0.536,0.0
0.839,0.545,0.0
0.833,0.553,0.0
0.827,0.562,0.0
0.821,0.571,0.0
0.815,0.579,0.0
0.809,0.588,0.0
0.803,0.596,0.0
0.797,0.605,0.0
0.79,0.613,0.0
0.784,0.621,0.0
0.777,0.629,0.0
0.771,0.637,0.0
0.764,0.645,0.0
0.757,0.653,0.0
0.75,0.661,0.0
0.743,0.669,0.0
0.736,0.677,0.0
0.729,0.685,0.0
0.722,0.692,0.0
0.714,0.7,0.0
0.707,0.707,0.0
0.7,0.714,0.0
0.692,0.722,0.0
0.685,0.729,0.0
0.677,0.736,0.0
0.669,0.743,0.0
0.661,0.75,0.0
0.653,0.757,0.0
0.645,0.764,0.0
0.637,0.771,0.0
0.629,0.777,0.0
0.621,0.784,0.0
0.613,0.79,0.0
0.605,0.797,0.0
0.596,0.803,0.0
0.588,0.809,0.0
0.579,0.815,0.0
0.571,0.821,0.0
0.562,0.827,0.0
0.553,0.833,0.0
0.545,0.839,0.0
0.536,0.844,0.0
0.527,0.85,0.0
0.518,0.855,0.0
0.509,0.861,0.0
0.5,0.866,0.0
0.491,0.871,0.0
0.482,0.876,0.0
0.473,0.881,0.0
0.463,0.886,0.0
0.454,0.891,0.0
0.445,0.896,0.0
0.435,0.9,0.0
0.426,0.905,0.0
0.416,0.909,0.0
0.407,0.914,0.0
0.397,0.918,0.0
0.388,0.922,0.0
0.378,0.926,0.0
0.368,0.93,0.0
0.358,0.934,0.0
0.349,0.937,0.0
0.339,0.941,0.0
0.329,0.944,0.0
0.319,0.948,0.0
0.309,0.951,0.0
0.299,0.954,0.0
0.289,0.957,0.0
0.279,0.96,0.0
0.269,0.963,0.0
0.259,0.966,0.0
0.249,0.969,0.0
0.239,0.971,0.0
0.228,0.974,0.0
0.218,0.976,0.0
0.208,0.978,0.0
0.198,0.98,0.0
0.187,0.982,0.0
0.177,0.984,0.0
0.167,0.986,0.0
0.156,0.988,0.0
0.146,0.989,0.0
0.136,0.991,0.0
0.125,0.992,0.0
0.115,0.993,0.0
0.105,0.995,0.0
0.094,0.996,0.0
0.084,0.996,0.0
0.073,0.997,0.0
0.063,0.998,0.0
0.052,0.999,0.0
0.042,0.999,0.0
0.031,1.0,0.0
0.021,1.0,0.0
0.01,1.0,0.0
0.0,1.0,0.0
-0.01,1.0,0.0
-0.021,1.0,0.0
-0.031,1.0,0.0
-0.042,0.999,0.0
-0.052,0.999,0.0
-0.063,0.998,0.0
-0.073,0.997,0.0
-0.084,0.996,0.0
-0.094,0.996,0.0
-0.105,0.995,0.0
-0.115,0.993,0.0
-0.125,0.992,0.0
-0.136,0.991,0.0
-0.146,0.989,0.0
-0.156,0.988,0.0
-0.167,0.986,0.0
-0.177,0.984,0.0
-0.187,0.982,0.0
-0.198,0.98,0.0
-0.208,0.978,0.0
-0.218,0.976,0.0
-0.228,0.974,0.0
-0.239,0.971,0.0
-0.249,0.969,0.0
-0.259,0.966,0.0
-0.269,0.963,0.0
-0.279,0.96,0.0
-0.289,0.957,0.0
-0.299,0.954,0.0
-0.309,0.951,0.0
-0.319,0.948,0.0
-0.329,0.944,0.0
-0.339,0.941,0.0
-0.349,0.937,0.0
-0.358,0.934,0.0
-0.368,0.93,0.0
-0.378,0.926,0.0
-0.388,0.922,0.0
-0.397,0.918,0.0
-0.407,0.914,0.0
-0.416,0.909,0.0
-0.426,0.905,0.0
-0.435,0.9,0.0
-0.445,0.896,0.0
-0.454,0.891,0.0
-0.463,0.886,0.0
-0.473,0.881,0.0
-0.482,0.876,0.0
-0.491,0.871,0.0
-0.5,0.866,0.0
-0.509,0.861,0.0
-0.518,0.855,0.0
-0.527,0.85,0.0
-0.536,0.844,0.0
-0.545,0.839,0.0
-0.553,0.833,0.0
-0.562,0.827,0.0
-0.571,0.821,0.0
-0.579,0.815,0.0
-0.588,0.809,0.0
-0.596,0.803,0.0
-0.605,0.797,0.0
-0.613,0.79,0.0
-0.621,0.784,0.0
-0.629,0.777,0.0
-0.637,0.771,0.0
-0.645,0.764,0.0
-0.653,0.757,0.0
-0.661,0.75,0.0
-0.669,0.743,0.0
-0.677,0.736,0.0
-0.685,0.729,0.0
-0.692,0.722,0.0
-0.7,0.714,0.0
-0.707,0.707,0.0
-0.714,0.7,0.0
-0.722,0.692,0.0
-0.729,0.685,0.0
-0.736,0.677,0.0
-0.743,0.669,0.0
-0.75,0.661,0.0
-0.757,0.653,0.0
-0.764,0.645,0.0
-0.771,0.637,0.0
-0.777,0.629,0.0
-0.784,0.621,0.0
-0.79,0.613,0.0
-0.797,0.605,0.0
-0.803,0.596,0.0
-0.809,0.588,0.0
-0.815,0.579,0.0
-0.821,0.571,0.0
-0.827,0.562,0.0
-0.833,0.553,0.0
-0.839,0.545,0.0
-0.844,0.536,0.0
-0.85,0.527,0.0
-0.855,0.518,0.0
-0.861,0.509,0.0
-0.866,0.5,0.0
-0.871,0.491,0.0
-0.876,0.482,0.0
-0.881,0.473,0.0
-0.886,0.463,0.0
-0.891,0.454,0.0
-0.896,0.445,0.0
-0.9,0.435,0.0
-0.905,0.426,0.0
-0.909,0.416,0.0
-0.914,0.407,0.0
-0.918,0.397,0.0
-0.922,0.388,0.0
-0.926,0.378,0.0
-0.93,0.368,0.0
-0.934,0.358,0.0
-0.937,0.349,0.0
-0.941,0.339,0.0
-0.944,0.329,0.0
-0.948,0.319,0.0
-0.951,0.309,0.0
-0.954,0.299,0.0
-0.957,0.289,0.0
-0.96,0.279,0.0
-0.963,0.269,0.0
-0.966,0.259,0.0
-0.969,0.249,0.0
-0.971,0.239,0.0
-0.974,0.228,0.0
-0.976,0.218,0.0
-0.978,0.208,0.0
-0.98,0.198,0.0
-0.982,0.187,0.0
-0.984,0.177,0.0
-0.986,0.167,0.0
-0.988,0.156,0.0
-0.989,0.146,0.0
-0.991,0.136,0.0
-0.992,0.125,0.0
-0.993,0.115,0.0
-0.995,0.105,0.0
-0.996,0.094,0.0
-0.996,0.084,0.0
-0.997,0.073,0.0
-0.998,0.063,0.0
-0.999,0.052,0.0
-0.999,0.042,0.0
-1.0,0.031,0.0
-1.0,0.021,0.0
-1.0,0.01,0.0
-1.0,0.0,0.0
-1.0,-0.01,0.0
-1.0,-0.021,0.0
-1.0,-0.031,0.0
-0.999,-0.042,0.0
-0.999,-0.052,0.0
-0.998,-0.063,0.0
-0.997,-0.073,0.0
-0.996,-0.084,0.0
-0.996,-0.094,0.0
-0.995,-0.105,0.0
-0.993,-0.115,0.0
-0.992,-0.125,0.0
-0.991,-0.136,0.0
-0.989,-0.146,0.0
-0.988,-0.156,0.0
-0.986,-0.167,0.0
-0.984,-0.177,0.0
-0.982,-0.187,0.0
-0.98,-0.198,0.0
-0.978,-0.208,0.0
-0.976,-0.218,0.0
-0.974,-0.228,0.0
-0.971,-0.239,0.0
-0.969,-0.249,0.0
-0.966,-0.259,0.0
-0.963,-0.269,0.0
-0.96,-0.279,0.0
-0.957,-0.289,0.0
-0.954,-0.299,0.0
-0.951,-0.309,0.0
-0.948,-0.319,0.0
-0.944,-0.329,0.0
-0.941,-0.339,0.0
-0.937,-0.349,0.0
-0.934,-0.358,0.0
-0.93,-0.368,0.0
-0.926,-0.378,0.0
-0.922,-0.388,0.0
-0.918,-0.397,0.0
-0.914,-0.407,0.0
-0.909,-0.416,0.0
-0.905,-0.426,0.0
-0.9,-0.435,0.0
-0.896,-0.445,0.0
-0.891,-0.454,0.0
-0.886,-0.463,0.0
-0.881,-0.473,0.0
-0.876,-0.482,0.0
-0.871,-0.491,0.0
-0.866,-0.5,0.0
-0.861,-0.509,0.0
-0.855,-0.518,0.0
-0.85,-0.527,0.0
-0.844,-0.536,0.0
-0.839,-0.545,0.0
-0.833,-0.553,0.0
-0.827,-0.562,0.0
-0.821,-0.571,0.0
-0.815,-0.579,0.0
-0.809,-0.588,0.0
-0.803,-0.596,0.0
-0.797,-0.605,0.0
-0.79,-0.613,0.0
-0.784,-0.621,0.0
-0.777,-0.629,0.0
-0.771,-0.637,0.0
-0.764,-0.645,0.0
-0.757,-0.653,0.0
-0.75,-0.661,0.0
-0.743,-0.669,0.0
-0.736,-0.677,0.0
-0.729,-0.685,0.0
-0.722,-0.692,0.0
-0.714,-0.7,0.0
-0.707,-0.707,0.0
-0.7,-0.714,0.0
-0.692,-0.722,0.0
-0.685,-0.729,0.0
-0.677,-0.736,0.0
-0.669,-0.743,0.0
-0.661,-0.75,0.0
-0.653,-0.757,0.0
-0.645,-0.764,0.0
-0.637,-0.771,0.0
-0.629,-0.777,0.0
-0.621,-0.784,0.0
-0.613,-0.79,0.0
-0.605,-0.797,0.0
-0.596,-0.803,0.0
-0.588,-0.809,0.0
-0.579,-0.815,0.0
-0.571,-0.821,0.0
-0.562,-0.827,0.0
-0.553,-0.833,0.0
-0.545,-0.839,0.0
-0.536,-0.844,0.0
-0.527,-0.85,0.0
-0.518,-0.855,0.0
-0.509,-0.861,0.0
-0.5,-0.866,0.0
-0.491,-0.871,0.0
-0.482,-0.876,0.0
-0.473,-0.881,0.0
-0.463,-0.886,0.0
-0.454,-0.891,0.0
-0.445,-0.896,0.0
-0.435,-0.9,0.0
-0.426,-0.905,0.0
-0.416,-0.909,0.0
-0.407,-0.914,0.0
-0.397,-0.918,0.0
-0.388,-0.922,0.0
-0.378,-0.926,0.0
-0.368,-0.93,0.0
-0.358,-0.934,0.0
-0.349,-0.937,0.0
-0.339,-0.941,0.0
-0.329,-0.944,0.0
-0.319,-0.948,0.0
-0.309,-0.951,0.0
-0.299,-0.954,0.0
-0.289,-0.957,0.0
-0.279,-0.96,0.0
-0.269,-0.963,0.0
-0.259,-0.966,0.0
-0.249,-0.969,0.0
-0.239,-0.971,0.0
-0.228,-0.974,0.0
-0.218,-0.976,0.0
-0.208,-0.978,0.0
-0.198,-0.98,0.0
-0.187,-0.982,0.0
-0.177,-0.984,0.0
-0.167,-0.986,0.0
-0.156,-0.988,0.0
-0.146,-0.989,0.0
-0.136,-0.991,0.0
-0.125,-0.992,0.0
-0.115,-0.993,0.0
-0.105,-0.995,0.0
-0.094,-0.996,0.0
-0.084,-0.996,0.0
-0.073,-0.997,0.0
-0.063,-0.998,0.0
-0.052,-0.999,0.0
-0.042,-0.999,0.0
-0.031,-1.0,0.0
-0.021,-1.0,0.0
-0.01,-1.0,0.0
-0.0,-1.0,0.0
0.01,-1.0,0.0
0.021,-1.0,0.0
0.031,-1.0,0.0
0.042,-0.999,0.0
0.052,-0.999,0.0
0.063,-0.998,0.0
0.073,-0.997,0.0
0.084,-0.996,0.0
0.094,-0.996,0.0
0.105,-0.995,0.0
0.115,-0.993,0.0
0.125,-0.992,0.0
0.136,-0.991,0.0
0.146,-0.989,0.0
0.156,-0.988,0.0
0.167,-0.986,0.0
0.177,-0.984,0.0
0.187,-0.982,0.0
0.198,-0.98,0.0
0.208,-0.978,0.0
0.218,-0.976,0.0
0.228,-0.974,0.0
0.239,-0.971,0.0
0.249,-0.969,0.0
0.259,-0.966,0.0
0.269,-0.963,0.0
0.279,-0.96,0.0
0.289,-0.957,0.0
0.299,-0.954,0.0
0.309,-0.951,0.0
0.319,-0.948,0.0
0.329,-0.944,0.0
0.339,-0.941,0.0
0.349,-0.937,0.0
0.358,-0.934,0.0
0.368,-0.93,0.0
0.378,-0.926,0.0
0.388,-0.922,0.0
0.397,-0.918,0.0
0.407,-0.914,0.0
0.416,-0.909,0.0
0.426,-0.905,0.0
0.435,-0.9,0.0
0.445,-0.896,0.0
0.454,-0.891,0.0
0.463,-0.886,0.0
0.473,-0.881,0.0
0.482,-0.876,0.0
0.491,-0.871,0.0
0.5,-0.866,0.0
0.509,-0.861,0.0
0.518,-0.855,0.0
0.527,-0.85,0.0
0.536,-0.844,0.0
0.545,-0.839,0.0
0.553,-0.833,0.0
0.562,-0.827,0.0
0.571,-0.821,0.0
0.579,-0.815,0.0
0.588,-0.809,0.0
0.596,-0.803,0.0
0.605,-0.797,0.0
0.613,-0.79,0.0
0.621,-0.784,0.0
0.629,-0.777,0.0
0.637,-0.771,0.0
0.645,-0.764,0.0
0.653,-0.757,0.0
0.661,-0.75,0.0
0.669,-0.743,0.0
0.677,-0.736,0.0
0.685,-0.729,0.0
0.692,-0.722,0.0
0.7,-0.714,0.0
0.707,-0.707,0.0
0.714,-0.7,0.0
0.722,-0.692,0.0
0.729,-0.685,0.0
0.736,-0.677,0.0
0.743,-0.669,0.0
0.75,-0.661,0.0
0.757,-0.653,0.0
0.764,-0.645,0.0
0.771,-0.637,0.0
0.777,-0.629,0.0
0.784,-0.621,0.0
0.79,-0.613,0.0
0.797,-0.605,0.0
0.803,-0.596,0.0
0.809,-0.588,0.0
0.815,-0.579,0.0
0.821,-0.571,0.0
0.827,-0.562,0.0
0.833,-0.553,0.0
0.839,-0.545,0.0
0.844,-0.536,0.0
0.85,-0.527,0.0
0.855,-0.518,0.0
0.861,-0.509,0.0
0.866,-0.5,0.0
0.871,-0.491,0.0
0.876,-0.482,0.0
0.881,-0.473,0.0
0.886,-0.463,0.0
0.891,-0.454,0.0
0.896,-0.445,0.0
0.9,-0.435,0.0
0.905,-0.426,0.0
0.909,-0.416,0.0
0.914,-0.407,0.0
0.918,-0.397,0.0
0.922,-0.388,0.0
0.926,-0.378,0.0
0.93,-0.368,0.0
0.934,-0.358,0.0
0.937,-0.349,0.0
0.941,-0.339,0.0
0.944,-0.329,0.0
0.948,-0.319,0.0
0.951,-0.309,0.0
0.954,-0.299,0.0
0.957,-0.289,0.0
0.96,-0.279,0.0
0.963,-0.269,0.0
0.966,-0.259,0.0
0.969,-0.249,0.0
0.971,-0.239,0.0
0.974,-0.228,0.0
0.976,-0.218,0.0
0.978,-0.208,0.0
0.98,-0.198,0.0
0.982,-0.187,0.0
0.984,-0.177,0.0
0.986,-0.167,0.0
0.988,-0.156,0.0
0.989,-0.146,0.0
0.991,-0.136,0.0
0.992,-0.125,0.0
0.993,-0.115,0.0
0.995,-0.105,0.0
0.996,-0.094,0.0
0.996,-0.084,0.0
0.997,-0.073,0.0
0.998,-0.063,0.0
0.999,-0.052,0.0
0.999,-0.042,0.0
1.0,-0.031,0.0
1.0,-0.021,0.0
1.0,-0.01,0.0
