1.0000,0.0000,0.0000
0.9999,0.0105,0.0000
0.9998,0.0209,0.0000
0.9995,0.0314,0.0000
0.9991,0.0419,0.0000
0.9986,0.0523,0.0000
0.9980,0.0628,0.0000
0.9973,0.0732,0.0000
0.9965,0.0837,0.0000
0.9956,0.0941,0.0000
0.9945,0.1045,0.0000
0.9934,0.1149,0.0000
0.9921,0.1253,0.0000
0.9907,0.1357,0.0000
0.9893,0.1461,0.0000
0.9877,0.1564,0.0000
0.9860,0.1668,0.0000
0.9842,0.1771,0.0000
0.9823,0.1874,0.0000
0.9803,0.1977,0.0000
0.9781,0.2079,0.0000
0.9759,0.2181,0.0000
0.9736,0.2284,0.0000
0.9711,0.2385,0.0000
0.9686,0.2487,0.0000
0.9659,0.2588,0.0000
0.9632,0.2689,0.0000
0.9603,0.2790,0.0000
0.9573,0.2890,0.0000
0.9542,0.2990,0.0000
0.9511,0.3090,0.0000
0.9478,0.3190,0.0000
0.9444,0.3289,0.0000
0.9409,0.3387,0.0000
0.9373,0.3486,0.0000
0.9336,0.3584,0.0000
0.9298,0.3681,0.0000
0.9259,0.3778,0.0000
0.9219,0.3875,0.0000
0.9178,0.3971,0.0000
0.9135,0.4067,0.0000
0.9092,0.4163,0.0000
0.9048,0.4258,0.0000
0.9003,0.4352,0.0000
0.8957,0.4446,0.0000
0.8910,0.4540,0.0000
0.8862,0.4633,0.0000
0.8813,0.4726,0.0000
0.8763,0.4818,0.0000
0.8712,0.4909,0.0000
0.8660,0.5000,0.0000
0.8607,0.5090,0.0000
0.8554,0.5180,0.0000
0.8499,0.5270,0.0000
0.8443,0.5358,0.0000
0.8387,0.5446,0.0000
0.8329,0.5534,0.0000
0.8271,0.5621,0.0000
0.8211,0.5707,0.0000
0.8151,0.5793,0.0000
0.8090,0.5878,0.0000
0.8028,0.5962,0.0000
0.7965,0.6046,0.0000
0.7902,0.6129,0.0000
0.7837,0.6211,0.0000
0.7771,0.6293,0.0000
0.7705,0.6374,0.0000
0.7638,0.6455,0.0000
0.7570,0.6534,0.0000
0.7501,0.6613,0.0000
0.7431,0.6691,0.0000
0.7361,0.6769,0.0000
0.7290,0.6845,0.0000
0.7218,0.6921,0.0000
0.7145,0.6997,0.0000
0.7071,0.7071,0.0000
0.6997,0.7145,0.0000
0.6921,0.7218,0.0000
0.6845,0.7290,0.0000
0.6769,0.7361,0.0000
0.6691,0.7431,0.0000
0.6613,0.7501,0.0000
0.6534,0.7570,0.0000
0.6455,0.7638,0.0000
0.6374,0.7705,0.0000
0.6293,0.7771,0.0000
0.6211,0.7837,0.0000
0.6129,0.7902,0.0000
0.6046,0.7965,0.0000
0.5962,0.8028,0.0000
0.5878,0.8090,0.0000
0.5793,0.8151,0.0000
0.5707,0.8211,0.0000
0.5621,0.8271,0.0000
0.5534,0.8329,0.0000
0.5446,0.8387,0.0000
0.5358,0.8443,0.0000
0.5270,0.8499,0.0000
0.5180,0.8554,0.0000
0.5090,0.8607,0.0000
0.5000,0.8660,0.0000
0.4909,0.8712,0.0000
0.4818,0.8763,0.0000
0.4726,0.8813,0.0000
0.4633,0.8862,0.0000
0.4540,0.8910,0.0000
0.4446,0.8957,0.0000
0.4352,0.9003,0.0000
0.4258,0.9048,0.0000
0.4163,0.9092,0.0000
0.4067,0.9135,0.0000
0.3971,0.9178,0.0000
0.3875,0.9219,0.0000
0.3778,0.9259,0.0000
0.3681,0.9298,0.0000
0.3584,0.9336,0.0000
0.3486,0.9373,0.0000
0.3387,0.9409,0.0000
0.3289,0.9444,0.0000
0.3190,0.9478,0.0000
0.3090,0.9511,0.0000
0.2990,0.9542,0.0000
0.2890,0.9573,0.0000
0.2790,0.9603,0.0000
0.2689,0.9632,0.0000
0.2588,0.9659,0.0000
0.2487,0.9686,0.0000
0.2385,0.9711,0.0000
0.2284,0.9736,0.0000
0.2181,0.9759,0.0000
0.2079,0.9781,0.0000
0.1977,0.9803,0.0000
0.1874,0.9823,0.0000
0.1771,0.9842,0.0000
0.1668,0.9860,0.0000
0.1564,0.9877,0.0000
0.1461,0.9893,0.0000
0.1357,0.9907,0.0000
0.1253,0.9921,0.0000
0.1149,0.9934,0.0000
0.1045,0.9945,0.0000
0.0941,0.9956,0.0000
0.0837,0.9965,0.0000
0.0732,0.9973,0.0000
0.0628,0.9980,0.0000
0.0523,0.9986,0.0000
0.0419,0.9991,0.0000
0.0314,0.9995,0.0000
0.0209,0.9998,0.0000
0.0105,0.9999,0.0000
0.0000,1.0000,0.0000
-0.0105,0.9999,0.0000
-0.0209,0.9998,0.0000
-0.0314,0.9995,0.0000
-0.0419,0.9991,0.0000
-0.0523,0.9986,0.0000
-0.0628,0.9980,0.0000
-0.0732,0.9973,0.0000
-0.0837,0.9965,0.0000
-0.0941,0.9956,0.0000
-0.1045,0.9945,0.0000
-0.1149,0.9934,0.0000
-0.1253,0.9921,0.0000
-0.1357,0.9907,0.0000
-0.1461,0.9893,0.0000
-0.1564,0.9877,0.0000
-0.1668,0.9860,0.0000
-0.1771,0.9842,0.0000
-0.1874,0.9823,0.0000
-0.1977,0.9803,0.0000
-0.2079,0.9781,0.0000
-0.2181,0.9759,0.0000
-0.2284,0.9736,0.0000
-0.2385,0.9711,0.0000
-0.2487,0.9686,0.0000
-0.2588,0.9659,0.0000
-0.2689,0.9632,0.0000
-0.2790,0.9603,0.0000
-0.2890,0.9573,0.0000
-0.2990,0.9542,0.0000
-0.3090,0.9511,0.0000
-0.3190,0.9478,0.0000
-0.3289,0.9444,0.0000
-0.3387,0.9409,0.0000
-0.3486,0.9373,0.0000
-0.3584,0.9336,0.0000
-0.3681,0.9298,0.0000
-0.3778,0.9259,0.0000
-0.3875,0.9219,0.0000
-0.3971,0.9178,0.0000
-0.4067,0.9135,0.0000
-0.4163,0.9092,0.0000
-0.4258,0.9048,0.0000
-0.4352,0.9003,0.0000
-0.4446,0.8957,0.0000
-0.4540,0.8910,0.0000
-0.4633,0.8862,0.0000
-0.4726,0.8813,0.0000
-0.4818,0.8763,0.0000
-0.4909,0.8712,0.0000
-0.5000,0.8660,0.0000
-0.5090,0.8607,0.0000
-0.5180,0.8554,0.0000
-0.5270,0.8499,0.0000
-0.5358,0.8443,0.0000
-0.5446,0.8387,0.0000
-0.5534,0.8329,0.0000
-0.5621,0.8271,0.0000
-0.5707,0.8211,0.0000
-0.5793,0.8151,0.0000
-0.5878,0.8090,0.0000
-0.5962,0.8028,0.0000
-0.6046,0.7965,0.0000
-0.6129,0.7902,0.0000
-0.6211,0.7837,0.0000
-0.6293,0.7771,0.0000
-0.6374,0.7705,0.0000
-0.6455,0.7638,0.0000
-0.6534,0.7570,0.0000
-0.6613,0.7501,0.0000
-0.6691,0.7431,0.0000
-0.6769,0.7361,0.0000
-0.6845,0.7290,0.0000
-0.6921,0.7218,0.0000
-0.6997,0.7145,0.0000
-0.7071,0.7071,0.0000
-0.7145,0.6997,0.0000
-0.7218,0.6921,0.0000
-0.7290,0.6845,0.0000
-0.7361,0.6769,0.0000
-0.7431,0.6691,0.0000
-0.7501,0.6613,0.0000
-0.7570,0.6534,0.0000
-0.7638,0.6455,0.0000
-0.7705,0.6374,0.0000
-0.7771,0.6293,0.0000
-0.7837,0.6211,0.0000
-0.7902,0.6129,0.0000
-0.7965,0.6046,0.0000
-0.8028,0.5962,0.0000
-0.8090,0.5878,0.0000
-0.8151,0.5793,0.0000
-0.8211,0.5707,0.0000
-0.8271,0.5621,0.0000
-0.8329,0.5534,0.0000
-0.8387,0.5446,0.0000
-0.8443,0.5358,0.0000
-0.8499,0.5270,0.0000
-0.8554,0.5180,0.0000
-0.8607,0.5090,0.0000
-0.8660,0.5000,0.0000
-0.8712,0.4909,0.0000
-0.8763,0.4818,0.0000
-0.8813,0.4726,0.0000
-0.8862,0.4633,0.0000
-0.8910,0.4540,0.0000
-0.8957,0.4446,0.0000
-0.9003,0.4352,0.0000
-0.9048,0.4258,0.0000
-0.9092,0.4163,0.0000
-0.9135,0.4067,0.0000
-0.9178,0.3971,0.0000
-0.9219,0.3875,0.0000
-0.9259,0.3778,0.0000
-0.9298,0.3681,0.0000
-0.9336,0.3584,0.0000
-0.9373,0.3486,0.0000
-0.9409,0.3387,0.0000
-0.9444,0.3289,0.0000
-0.9478,0.3190,0.0000
-0.9511,0.3090,0.0000
-0.9542,0.2990,0.0000
-0.9573,0.2890,0.0000
-0.9603,0.2790,0.0000
-0.9632,0.2689,0.0000
-0.9659,0.2588,0.0000
-0.9686,0.2487,0.0000
-0.9711,0.2385,0.0000
-0.9736,0.2284,0.0000
-0.9759,0.2181,0.0000
-0.9781,0.2079,0.0000
-0.9803,0.1977,0.0000
-0.9823,0.1874,0.0000
-0.9842,0.1771,0.0000
-0.9860,0.1668,0.0000
-0.9877,0.1564,0.0000
-0.9893,0.1461,0.0000
-0.9907,0.1357,0.0000
-0.9921,0.1253,0.0000
-0.9934,0.1149,0.0000
-0.9945,0.1045,0.0000
-0.9956,0.0941,0.0000
-0.9965,0.0837,0.0000
-0.9973,0.0732,0.0000
-0.9980,0.0628,0.0000
-0.9986,0.0523,0.0000
-0.9991,0.0419,0.0000
-0.9995,0.0314,0.0000
-0.9998,0.0209,0.0000
-0.9999,0.0105,0.0000
-1.0000,0.0000,0.0000
-0.9999,-0.0105,0.0000
-0.9998,-0.0209,0.0000
-0.9995,-0.0314,0.0000
-0.9991,-0.0419,0.0000
-0.9986,-0.0523,0.0000
-0.9980,-0.0628,0.0000
-0.9973,-0.0732,0.0000
-0.9965,-0.0837,0.0000
-0.9956,-0.0941,0.0000
-0.9945,-0.1045,0.0000
-0.9934,-0.1149,0.0000
-0.9921,-0.1253,0.0000
-0.9907,-0.1357,0.0000
-0.9893,-0.1461,0.0000
-0.9877,-0.1564,0.0000
-0.9860,-0.1668,0.0000
-0.9842,-0.1771,0.0000
-0.9823,-0.1874,0.0000
-0.9803,-0.1977,0.0000
-0.9781,-0.2079,0.0000
-0.9759,-0.2181,0.0000
-0.9736,-0.2284,0.0000
-0.9711,-0.2385,0.0000
-0.9686,-0.2487,0.0000
-0.9659,-0.2588,0.0000
-0.9632,-0.2689,0.0000
-0.9603,-0.2790,0.0000
-0.9573,-0.2890,0.0000
-0.9542,-0.2990,0.0000
-0.9511,-0.3090,0.0000
-0.9478,-0.3190,0.0000
-0.9444,-0.3289,0.0000
-0.9409,-0.3387,0.0000
-0.9373,-0.3486,0.0000
-0.9336,-0.3584,0.0000
-0.9298,-0.3681,0.0000
-0.9259,-0.3778,0.0000
-0.9219,-0.3875,0.0000
-0.9178,-0.3971,0.0000
-0.9135,-0.4067,0.0000
-0.9092,-0.4163,0.0000
-0.9048,-0.4258,0.0000
-0.9003,-0.4352,0.0000
-0.8957,-0.4446,0.0000
-0.8910,-0.4540,0.0000
-0.8862,-0.4633,0.0000
-0.8813,-0.4726,0.0000
-0.8763,-0.4818,0.0000
-0.8712,-0.4909,0.0000
-0.8660,-0.5000,0.0000
-0.8607,-0.5090,0.0000
-0.8554,-0.5180,0.0000
-0.8499,-0.5270,0.0000
-0.8443,-0.5358,0.0000
-0.8387,-0.5446,0.0000
-0.8329,-0.5534,0.0000
-0.8271,-0.5621,0.0000
-0.8211,-0.5707,0.0000
-0.8151,-0.5793,0.0000
-0.8090,-0.5878,0.0000
0.0000,0.0000,0.0000
0.0000,0.0000,0.0000
0.0000,0.0000,0.0000
0.0000,0.0000,0.0000
0.0000,0.0000,0.0000
0.0000,0.0000,0.0000
0.0000,0.0000,0.0000
0.0000,0.0000,0.0000
0.0000,0.0000,0.0000
0.0000,0.0000,0.0000
0.0000,0.0000,0.0000
0.0000,0.0000,0.0000
0.0000,0.0000,0.0000
0.0000,0.0000,0.0000
0.0000,0.0000,0.0000
0.0000,0.0000,0.0000
0.0000,0.0000,0.0000
0.0000,0.0000,0.0000
0.0000,0.0000,0.0000
0.0000,0.0000,0.0000
0.0000,0.0000,0.0000
0.0000,0.0000,0.0000
0.0000,0.0000,0.0000
0.0000,0.0000,0.0000
0.0000,0.0000,0.0000
0.0000,0.0000,0.0000
0.0000,0.0000,0.0000
0.0000,0.0000,0.0000
0.0000,0.0000,0.0000
0.0000,0.0000,0.0000
0.0000,0.0000,0.0000
0.0000,0.0000,0.0000
0.0000,0.0000,0.0000
0.0000,0.0000,0.0000
0.0000,0.0000,0.0000
0.0000,0.0000,0.0000
0.0000,0.0000,0.0000
0.0000,0.0000,0.0000
0.0000,0.0000,0.0000
0.0000,0.0000,0.0000
0.0000,0.0000,0.0000
0.0000,0.0000,0.0000
0.0000,0.0000,0.0000
0.0000,0.0000,0.0000
0.0000,0.0000,0.0000
0.0000,0.0000,0.0000
0.0000,0.0000,0.0000
0.0000,0.0000,0.0000
0.0000,0.0000,0.0000
0.0000,0.0000,0.0000
0.0000,0.0000,0.0000
0.0000,0.0000,0.0000
0.0000,0.0000,0.0000
0.0000,0.0000,0.0000
0.0000,0.0000,0.0000
0.0000,0.0000,0.0000
0.0000,0.0000,0.0000
0.0000,0.0000,0.0000
0.0000,0.0000,0.0000
0.0000,0.0000,0.0000
0.0000,0.0000,0.0000
0.0000,0.0000,0.0000
0.0000,0.0000,0.0000
0.0000,0.0000,0.0000
0.0000,0.0000,0.0000
0.0000,0.0000,0.0000
0.0000,0.0000,0.0000
0.0000,0.0000,0.0000
0.0000,0.0000,0.0000
0.0000,0.0000,0.0000
0.0000,0.0000,0.0000
0.0000,0.0000,0.0000
0.0000,0.0000,0.0000
0.0000,0.0000,0.0000
0.0000,0.0000,0.0000
0.0000,0.0000,0.0000
0.0000,0.0000,0.0000
0.0000,0.0000,0.0000
0.0000,0.0000,0.0000
0.0000,0.0000,0.0000
0.0000,0.0000,0.0000
0.0000,0.0000,0.0000
0.0000,0.0000,0.0000
0.0000,0.0000,0.0000
0.0000,0.0000,0.0000
0.0000,0.0000,0.0000
0.0000,0.0000,0.0000
0.0000,0.0000,0.0000
0.0000,0.0000,0.0000
0.0000,0.0000,0.0000
0.0000,0.0000,0.0000
0.0000,0.0000,0.0000
0.0000,0.0000,0.0000
0.0000,0.0000,0.0000
0.0000,0.0000,0.0000
0.0000,0.0000,0.0000
0.0000,0.0000,0.0000
0.0000,0.0000,0.0000
0.0000,0.0000,0.0000
0.0000,0.0000,0.0000
0.0000,0.0000,0.0000
0.0000,0.0000,0.0000
0.0000,0.0000,0.0000
0.0000,0.0000,0.0000
0.0000,0.0000,0.0000
0.0000,0.0000,0.0000
0.0000,0.0000,0.0000
0.0000,0.0000,0.0000
0.0000,0.0000,0.0000
0.0000,0.0000,0.0000
0.0000,0.0000,0.0000
0.0000,0.0000,0.0000
0.0000,0.0000,0.0000
0.0000,0.0000,0.0000
0.0000,0.0000,0.0000
0.0000,0.0000,0.0000
0.0000,0.0000,0.0000
0.0000,0.0000,0.0000
0.0000,0.0000,0.0000
0.0000,0.0000,0.0000
0.0000,0.0000,0.0000
0.0000,0.0000,0.0000
0.0000,0.0000,0.0000
0.0000,0.0000,0.0000
0.0000,0.0000,0.0000
0.0000,0.0000,0.0000
0.0000,0.0000,0.0000
0.0000,0.0000,0.0000
0.0000,0.0000,0.0000
0.0000,0.0000,0.0000
0.0000,0.0000,0.0000
0.0000,0.0000,0.0000
0.0000,0.0000,0.0000
0.0000,0.0000,0.0000
0.0000,0.0000,0.0000
0.0000,0.0000,0.0000
0.0000,0.0000,0.0000
0.0000,0.0000,0.0000
0.0000,0.0000,0.0000
0.0000,0.0000,0.0000
0.0000,0.0000,0.0000
0.0000,0.0000,0.0000
0.0000,0.0000,0.0000
0.0000,0.0000,0.0000
0.0000,0.0000,0.0000
0.0000,0.0000,0.0000
0.0000,0.0000,0.0000
0.0000,0.0000,0.0000
0.0000,0.0000,0.0000
0.0000,0.0000,0.0000
0.0000,0.0000,0.0000
0.0000,0.0000,0.0000
0.0000,0.0000,0.0000
0.0000,0.0000,0.0000
0.0000,0.0000,0.0000
0.0000,0.0000,0.0000
0.0000,0.0000,0.0000
0.0000,0.0000,0.0000
0.0000,0.0000,0.0000
0.0000,0.0000,0.0000
0.0000,0.0000,0.0000
0.0000,0.0000,0.0000
0.0000,0.0000,0.0000
0.0000,0.0000,0.0000
0.0000,0.0000,0.0000
0.0000,0.0000,0.0000
0.0000,0.0000,0.0000
0.0000,0.0000,0.0000
0.0000,0.0000,0.0000
0.0000,0.0000,0.0000
0.0000,0.0000,0.0000
0.0000,0.0000,0.0000
0.0000,0.0000,0.0000
0.0000,0.0000,0.0000
0.0000,0.0000,0.0000
0.0000,0.0000,0.0000
0.0000,0.0000,0.0000
0.0000,0.0000,0.0000
0.0000,0.0000,0.0000
0.0000,0.0000,0.0000
0.0000,0.0000,0.0000
0.0000,0.0000,0.0000
0.0000,0.0000,0.0000
0.0000,0.0000,0.0000
0.0000,0.0000,0.0000
0.0000,0.0000,0.0000
0.0000,0.0000,0.0000
0.0000,0.0000,0.0000
0.0000,0.0000,0.0000
0.0000,0.0000,0.0000
0.0000,0.0000,0.0000
0.0000,0.0000,0.0000
0.0000,0.0000,0.0000
0.0000,0.0000,0.0000
0.0000,0.0000,0.0000
0.0000,0.0000,0.0000
0.0000,0.0000,0.0000
0.0000,0.0000,0.0000
0.0000,0.0000,0.0000
0.0000,0.0000,0.0000
0.0000,0.0000,0.0000
0.0000,0.0000,0.0000
0.0000,0.0000,0.0000
0.0000,0.0000,0.0000
0.0000,0.0000,0.0000
0.0000,0.0000,0.0000
0.0000,0.0000,0.0000
0.0000,0.0000,0.0000
0.0000,0.0000,0.0000
0.0000,0.0000,0.0000
0.0000,0.0000,0.0000
0.0000,0.0000,0.0000
0.0000,0.0000,0.0000
0.0000,0.0000,0.0000
0.0000,0.0000,0.0000
0.0000,0.0000,0.0000
0.0000,0.0000,0.0000
0.0000,0.0000,0.0000
0.0000,0.0000,0.0000
0.0000,0.0000,0.0000
0.0000,0.0000,0.0000
0.0000,0.0000,0.0000
0.0000,0.0000,0.0000
0.0000,0.0000,0.0000
0.0000,0.0000,0.0000
0.0000,0.0000,0.0000
0.0000,0.0000,0.0000
0.0000,0.0000,0.0000
0.0000,0.0000,0.0000
0.0000,0.0000,0.0000
0.0000,0.0000,0.0000
0.0000,0.0000,0.0000
0.0000,0.0000,0.0000
0.0000,0.0000,0.0000
0.0000,0.0000,0.0000
0.0000,0.0000,0.0000
0.0000,0.0000,0.0000
0.0000,0.0000,0.0000
0.0000,0.0000,0.0000
