1.0000,0.0000,0.0000
1.0000,0.0016,0.0000
1.0000,0.0031,0.0000
1.0000,0.0047,0.0000
1.0000,0.0063,0.0000
1.0000,0.0079,0.0000
1.0000,0.0094,0.0000
0.9999,0.0110,0.0000
0.9999,0.0126,0.0000
0.9999,0.0141,0.0000
0.9999,0.0157,0.0000
0.9999,0.0173,0.0000
0.9998,0.0188,0.0000
0.9998,0.0204,0.0000
0.9998,0.0219,0.0000
0.9997,0.0235,0.0000
0.9997,0.0251,0.0000
0.9996,0.0266,0.0000
0.9996,0.0282,0.0000
0.9996,0.0297,0.0000
0.9995,0.0313,0.0000
0.9995,0.0328,0.0000
0.9994,0.0344,0.0000
0.9994,0.0359,0.0000
0.9993,0.0375,0.0000
0.9992,0.0390,0.0000
0.9992,0.0405,0.0000
0.9991,0.0421,0.0000
0.9990,0.0436,0.0000
0.9990,0.0451,0.0000
0.9989,0.0466,0.0000
0.9988,0.0482,0.0000
0.9988,0.0497,0.0000
0.9987,0.0512,0.0000
0.9986,0.0527,0.0000
0.9985,0.0542,0.0000
0.9984,0.0557,0.0000
0.9984,0.0572,0.0000
0.9983,0.0587,0.0000
0.9982,0.0602,0.0000
0.9981,0.0617,0.0000
0.9980,0.0632,0.0000
0.9979,0.0647,0.0000
0.9978,0.0661,0.0000
0.9977,0.0676,0.0000
0.9976,0.0691,0.0000
0.9975,0.0705,0.0000
0.9974,0.0720,0.0000
0.9973,0.0734,0.0000
0.9972,0.0749,0.0000
0.9971,0.0763,0.0000
0.9970,0.0777,0.0000
0.9969,0.0792,0.0000
0.9967,0.0806,0.0000
0.9966,0.0820,0.0000
0.9965,0.0834,0.0000
0.9964,0.0848,0.0000
0.9963,0.0862,0.0000
0.9962,0.0876,0.0000
0.9960,0.0890,0.0000
0.9959,0.0904,0.0000
0.9958,0.0918,0.0000
0.9957,0.0931,0.0000
0.9955,0.0945,0.0000
0.9954,0.0959,0.0000
0.9953,0.0972,0.0000
0.9951,0.0985,0.0000
0.9950,0.0999,0.0000
0.9949,0.1012,0.0000
0.9947,0.1025,0.0000
0.9946,0.1038,0.0000
0.9945,0.1051,0.0000
0.9943,0.1064,0.0000
0.9942,0.1077,0.0000
0.9940,0.1090,0.0000
0.9939,0.1103,0.0000
0.9938,0.1115,0.0000
0.9936,0.1128,0.0000
0.9935,0.1140,0.0000
0.9933,0.1153,0.0000
0.9932,0.1165,0.0000
0.9930,0.1177,0.0000
0.9929,0.1189,0.0000
0.9928,0.1201,0.0000
0.9926,0.1213,0.0000
0.9925,0.1225,0.0000
0.9923,0.1237,0.0000
0.9922,0.1248,0.0000
0.9920,0.1260,0.0000
0.9919,0.1271,0.0000
0.9917,0.1283,0.0000
0.9916,0.1294,0.0000
0.9914,0.1305,0.0000
0.9913,0.1316,0.0000
0.9912,0.1327,0.0000
0.9910,0.1338,0.0000
0.9909,0.1349,0.0000
0.9907,0.1359,0.0000
0.9906,0.1370,0.0000
0.9904,0.1380,0.0000
0.9903,0.1391,0.0000
0.9901,0.1401,0.0000
0.9900,0.1411,0.0000
0.9899,0.1421,0.0000
0.9897,0.1431,0.0000
0.9896,0.1441,0.0000
0.9894,0.1450,0.0000
0.9893,0.1460,0.0000
0.9892,0.1469,0.0000
0.9890,0.1478,0.0000
0.9889,0.1487,0.0000
0.9887,0.1496,0.0000
0.9886,0.1505,0.0000
0.9885,0.1514,0.0000
0.9883,0.1523,0.0000
0.9882,0.1531,0.0000
0.9881,0.1540,0.0000
0.9879,0.1548,0.0000
0.9878,0.1556,0.0000
0.9877,0.1564,0.0000
0.9876,0.1572,0.0000
0.9874,0.1579,0.0000
0.9873,0.1587,0.0000
0.9872,0.1594,0.0000
0.9871,0.1602,0.0000
0.9870,0.1609,0.0000
0.9869,0.1616,0.0000
0.9867,0.1623,0.0000
0.9866,0.1629,0.0000
0.9865,0.1636,0.0000
0.9864,0.1642,0.0000
0.9863,0.1649,0.0000
0.9862,0.1655,0.0000
0.9861,0.1661,0.0000
0.9860,0.1667,0.0000
0.9859,0.1672,0.0000
0.9858,0.1678,0.0000
0.9857,0.1683,0.0000
0.9856,0.1688,0.0000
0.9856,0.1693,0.0000
0.9855,0.1698,0.0000
0.9854,0.1703,0.0000
0.9853,0.1707,0.0000
0.9852,0.1712,0.0000
0.9852,0.1716,0.0000
0.9851,0.1720,0.0000
0.9850,0.1724,0.0000
0.9850,0.1728,0.0000
0.9849,0.1731,0.0000
0.9848,0.1735,0.0000
0.9848,0.1738,0.0000
0.9847,0.1741,0.0000
0.9847,0.1744,0.0000
0.9846,0.1746,0.0000
0.9846,0.1749,0.0000
0.9845,0.1751,0.0000
0.9845,0.1753,0.0000
0.9845,0.1755,0.0000
0.9844,0.1757,0.0000
0.9844,0.1759,0.0000
0.9844,0.1760,0.0000
0.9844,0.1761,0.0000
0.9843,0.1762,0.0000
0.9843,0.1763,0.0000
0.9843,0.1764,0.0000
0.9843,0.1764,0.0000
0.9843,0.1765,0.0000
0.9843,0.1765,0.0000
0.9843,0.1765,0.0000
0.9843,0.1764,0.0000
0.9843,0.1764,0.0000
0.9843,0.1763,0.0000
0.9844,0.1762,0.0000
0.9844,0.1761,0.0000
0.9844,0.1760,0.0000
0.9844,0.1758,0.0000
0.9845,0.1757,0.0000
0.9845,0.1755,0.0000
0.9845,0.1753,0.0000
0.9846,0.1750,0.0000
0.9846,0.1748,0.0000
0.9847,0.1745,0.0000
0.9847,0.1742,0.0000
0.9848,0.1739,0.0000
0.9848,0.1736,0.0000
0.9849,0.1732,0.0000
0.9850,0.1728,0.0000
0.9850,0.1724,0.0000
0.9851,0.1720,0.0000
0.9852,0.1716,0.0000
0.9853,0.1711,0.0000
0.9853,0.1706,0.0000
0.9854,0.1701,0.0000
0.9855,0.1696,0.0000
0.9856,0.1691,0.0000
0.9857,0.1685,0.0000
0.9858,0.1679,0.0000
0.9859,0.1673,0.0000
0.9860,0.1666,0.0000
0.9861,0.1660,0.0000
0.9862,0.1653,0.0000
0.9864,0.1646,0.0000
0.9865,0.1639,0.0000
0.9866,0.1631,0.0000
0.9867,0.1624,0.0000
0.9869,0.1616,0.0000
0.9870,0.1608,0.0000
0.9871,0.1599,0.0000
0.9873,0.1591,0.0000
0.9874,0.1582,0.0000
0.9875,0.1573,0.0000
0.9877,0.1564,0.0000
0.9878,0.1554,0.0000
0.9880,0.1545,0.0000
0.9882,0.1535,0.0000
0.9883,0.1525,0.0000
0.9885,0.1514,0.0000
0.9886,0.1504,0.0000
0.9888,0.1493,0.0000
0.9890,0.1482,0.0000
0.9891,0.1471,0.0000
0.9893,0.1459,0.0000
0.9895,0.1448,0.0000
0.9896,0.1436,0.0000
0.9898,0.1424,0.0000
0.9900,0.1411,0.0000
0.9902,0.1399,0.0000
0.9903,0.1386,0.0000
0.9905,0.1373,0.0000
0.9907,0.1360,0.0000
0.9909,0.1347,0.0000
0.9911,0.1333,0.0000
0.9913,0.1319,0.0000
0.9914,0.1305,0.0000
0.9916,0.1291,0.0000
0.9918,0.1277,0.0000
0.9920,0.1262,0.0000
0.9922,0.1247,0.0000
0.9924,0.1232,0.0000
0.9926,0.1217,0.0000
0.9928,0.1201,0.0000
0.9929,0.1186,0.0000
0.9931,0.1170,0.0000
0.9933,0.1154,0.0000
0.9935,0.1137,0.0000
0.9937,0.1121,0.0000
0.9939,0.1104,0.0000
0.9941,0.1088,0.0000
0.9943,0.1071,0.0000
0.9944,0.1053,0.0000
0.9946,0.1036,0.0000
0.9948,0.1018,0.0000
0.9950,0.1001,0.0000
0.9952,0.0983,0.0000
0.9953,0.0965,0.0000
0.9955,0.0946,0.0000
0.9957,0.0928,0.0000
0.9959,0.0909,0.0000
0.9960,0.0891,0.0000
0.9962,0.0872,0.0000
0.9964,0.0853,0.0000
0.9965,0.0833,0.0000
0.9967,0.0814,0.0000
0.9968,0.0794,0.0000
0.9970,0.0775,0.0000
0.9971,0.0755,0.0000
0.9973,0.0735,0.0000
0.9974,0.0715,0.0000
0.9976,0.0695,0.0000
0.9977,0.0674,0.0000
0.9979,0.0654,0.0000
0.9980,0.0633,0.0000
0.9981,0.0613,0.0000
0.9982,0.0592,0.0000
0.9984,0.0571,0.0000
0.9985,0.0550,0.0000
0.9986,0.0529,0.0000
0.9987,0.0507,0.0000
0.9988,0.0486,0.0000
0.9989,0.0465,0.0000
0.9990,0.0443,0.0000
0.9991,0.0421,0.0000
0.9992,0.0400,0.0000
0.9993,0.0378,0.0000
0.9994,0.0356,0.0000
0.9994,0.0334,0.0000
0.9995,0.0312,0.0000
0.9996,0.0290,0.0000
0.9996,0.0268,0.0000
0.9997,0.0246,0.0000
0.9997,0.0224,0.0000
0.9998,0.0201,0.0000
0.9998,0.0179,0.0000
0.9999,0.0157,0.0000
0.9999,0.0134,0.0000
0.9999,0.0112,0.0000
1.0000,0.0090,0.0000
1.0000,0.0067,0.0000
1.0000,0.0045,0.0000
1.0000,0.0022,0.0000
1.0000,0.0000,0.0000
1.0000,-0.0022,0.0000
1.0000,-0.0045,0.0000
1.0000,-0.0067,0.0000
1.0000,-0.0090,0.0000
0.9999,-0.0112,0.0000
0.9999,-0.0134,0.0000
0.9999,-0.0157,0.0000
0.9998,-0.0179,0.0000
0.9998,-0.0201,0.0000
0.9997,-0.0224,0.0000
0.9997,-0.0246,0.0000
0.9996,-0.0268,0.0000
0.9996,-0.0290,0.0000
0.9995,-0.0312,0.0000
0.9994,-0.0334,0.0000
0.9994,-0.0356,0.0000
0.9993,-0.0378,0.0000
0.9992,-0.0400,0.0000
0.9991,-0.0421,0.0000
0.9990,-0.0443,0.0000
0.9989,-0.0465,0.0000
0.9988,-0.0486,0.0000
0.9987,-0.0507,0.0000
0.9986,-0.0529,0.0000
0.9985,-0.0550,0.0000
0.9984,-0.0571,0.0000
0.9982,-0.0592,0.0000
0.9981,-0.0613,0.0000
0.9980,-0.0633,0.0000
0.9979,-0.0654,0.0000
0.9977,-0.0674,0.0000
0.9976,-0.0695,0.0000
0.9974,-0.0715,0.0000
0.9973,-0.0735,0.0000
0.9971,-0.0755,0.0000
0.9970,-0.0775,0.0000
0.9968,-0.0794,0.0000
0.9967,-0.0814,0.0000
0.9965,-0.0833,0.0000
0.9964,-0.0853,0.0000
0.9962,-0.0872,0.0000
0.9960,-0.0891,0.0000
0.9959,-0.0909,0.0000
0.9957,-0.0928,0.0000
0.9955,-0.0946,0.0000
0.9953,-0.0965,0.0000
0.9952,-0.0983,0.0000
0.9950,-0.1001,0.0000
0.9948,-0.1018,0.0000
0.9946,-0.1036,0.0000
0.9944,-0.1053,0.0000
0.9943,-0.1071,0.0000
0.9941,-0.1088,0.0000
0.9939,-0.1104,0.0000
0.9937,-0.1121,0.0000
0.9935,-0.1137,0.0000
0.9933,-0.1154,0.0000
0.9931,-0.1170,0.0000
0.9929,-0.1186,0.0000
0.9928,-0.1201,0.0000
0.9926,-0.1217,0.0000
0.9924,-0.1232,0.0000
0.9922,-0.1247,0.0000
0.9920,-0.1262,0.0000
0.9918,-0.1277,0.0000
0.9916,-0.1291,0.0000
0.9914,-0.1305,0.0000
0.9913,-0.1319,0.0000
0.9911,-0.1333,0.0000
0.9909,-0.1347,0.0000
0.9907,-0.1360,0.0000
0.9905,-0.1373,0.0000
0.9903,-0.1386,0.0000
0.9902,-0.1399,0.0000
0.9900,-0.1411,0.0000
0.9898,-0.1424,0.0000
0.9896,-0.1436,0.0000
0.9895,-0.1448,0.0000
0.9893,-0.1459,0.0000
0.9891,-0.1471,0.0000
0.9890,-0.1482,0.0000
0.9888,-0.1493,0.0000
0.9886,-0.1504,0.0000
0.9885,-0.1514,0.0000
0.9883,-0.1525,0.0000
0.9882,-0.1535,0.0000
0.9880,-0.1545,0.0000
0.9878,-0.1554,0.0000
0.9877,-0.1564,0.0000
0.9875,-0.1573,0.0000
0.9874,-0.1582,0.0000
0.9873,-0.1591,0.0000
0.9871,-0.1599,0.0000
0.9870,-0.1608,0.0000
0.9869,-0.1616,0.0000
0.9867,-0.1624,0.0000
0.9866,-0.1631,0.0000
0.9865,-0.1639,0.0000
0.9864,-0.1646,0.0000
0.9862,-0.1653,0.0000
0.9861,-0.1660,0.0000
0.9860,-0.1666,0.0000
0.9859,-0.1673,0.0000
0.9858,-0.1679,0.0000
0.9857,-0.1685,0.0000
0.9856,-0.1691,0.0000
0.9855,-0.1696,0.0000
0.9854,-0.1701,0.0000
0.9853,-0.1706,0.0000
0.9853,-0.1711,0.0000
0.9852,-0.1716,0.0000
0.9851,-0.1720,0.0000
0.9850,-0.1724,0.0000
0.9850,-0.1728,0.0000
0.9849,-0.1732,0.0000
0.9848,-0.1736,0.0000
0.9848,-0.1739,0.0000
0.9847,-0.1742,0.0000
0.9847,-0.1745,0.0000
0.9846,-0.1748,0.0000
0.9846,-0.1750,0.0000
0.9845,-0.1753,0.0000
0.9845,-0.1755,0.0000
0.9845,-0.1757,0.0000
0.9844,-0.1758,0.0000
0.9844,-0.1760,0.0000
0.9844,-0.1761,0.0000
0.9844,-0.1762,0.0000
0.9843,-0.1763,0.0000
0.9843,-0.1764,0.0000
0.9843,-0.1764,0.0000
0.9843,-0.1765,0.0000
0.9843,-0.1765,0.0000
0.9843,-0.1765,0.0000
0.9843,-0.1764,0.0000
0.9843,-0.1764,0.0000
0.9843,-0.1763,0.0000
0.9843,-0.1762,0.0000
0.9844,-0.1761,0.0000
0.9844,-0.1760,0.0000
0.9844,-0.1759,0.0000
0.9844,-0.1757,0.0000
0.9845,-0.1755,0.0000
0.9845,-0.1753,0.0000
0.9845,-0.1751,0.0000
0.9846,-0.1749,0.0000
0.9846,-0.1746,0.0000
0.9847,-0.1744,0.0000
0.9847,-0.1741,0.0000
0.9848,-0.1738,0.0000
0.9848,-0.1735,0.0000
0.9849,-0.1731,0.0000
0.9850,-0.1728,0.0000
0.9850,-0.1724,0.0000
0.9851,-0.1720,0.0000
0.9852,-0.1716,0.0000
0.9852,-0.1712,0.0000
0.9853,-0.1707,0.0000
0.9854,-0.1703,0.0000
0.9855,-0.1698,0.0000
0.9856,-0.1693,0.0000
0.9856,-0.1688,0.0000
0.9857,-0.1683,0.0000
0.9858,-0.1678,0.0000
0.9859,-0.1672,0.0000
0.9860,-0.1667,0.0000
0.9861,-0.1661,0.0000
0.9862,-0.1655,0.0000
0.9863,-0.1649,0.0000
0.9864,-0.1642,0.0000
0.9865,-0.1636,0.0000
0.9866,-0.1629,0.0000
0.9867,-0.1623,0.0000
0.9869,-0.1616,0.0000
0.9870,-0.1609,0.0000
0.9871,-0.1602,0.0000
0.9872,-0.1594,0.0000
0.9873,-0.1587,0.0000
0.9874,-0.1579,0.0000
0.9876,-0.1572,0.0000
0.9877,-0.1564,0.0000
0.9878,-0.1556,0.0000
0.9879,-0.1548,0.0000
0.9881,-0.1540,0.0000
0.9882,-0.1531,0.0000
0.9883,-0.1523,0.0000
0.9885,-0.1514,0.0000
0.9886,-0.1505,0.0000
0.9887,-0.1496,0.0000
0.9889,-0.1487,0.0000
0.9890,-0.1478,0.0000
0.9892,-0.1469,0.0000
0.9893,-0.1460,0.0000
0.9894,-0.1450,0.0000
0.9896,-0.1441,0.0000
0.9897,-0.1431,0.0000
0.9899,-0.1421,0.0000
0.9900,-0.1411,0.0000
0.9901,-0.1401,0.0000
0.9903,-0.1391,0.0000
0.9904,-0.1380,0.0000
0.9906,-0.1370,0.0000
0.9907,-0.1359,0.0000
0.9909,-0.1349,0.0000
0.9910,-0.1338,0.0000
0.9912,-0.1327,0.0000
0.9913,-0.1316,0.0000
0.9914,-0.1305,0.0000
0.9916,-0.1294,0.0000
0.9917,-0.1283,0.0000
0.9919,-0.1271,0.0000
0.9920,-0.1260,0.0000
0.9922,-0.1248,0.0000
0.9923,-0.1237,0.0000
0.9925,-0.1225,0.0000
0.9926,-0.1213,0.0000
0.9928,-0.1201,0.0000
0.9929,-0.1189,0.0000
0.9930,-0.1177,0.0000
0.9932,-0.1165,0.0000
0.9933,-0.1153,0.0000
0.9935,-0.1140,0.0000
0.9936,-0.1128,0.0000
0.9938,-0.1115,0.0000
0.9939,-0.1103,0.0000
0.9940,-0.1090,0.0000
0.9942,-0.1077,0.0000
0.9943,-0.1064,0.0000
0.9945,-0.1051,0.0000
0.9946,-0.1038,0.0000
0.9947,-0.1025,0.0000
0.9949,-0.1012,0.0000
0.9950,-0.0999,0.0000
0.9951,-0.0985,0.0000
0.9953,-0.0972,0.0000
0.9954,-0.0959,0.0000
0.9955,-0.0945,0.0000
0.9957,-0.0931,0.0000
0.9958,-0.0918,0.0000
0.9959,-0.0904,0.0000
0.9960,-0.0890,0.0000
0.9962,-0.0876,0.0000
0.9963,-0.0862,0.0000
0.9964,-0.0848,0.0000
0.9965,-0.0834,0.0000
0.9966,-0.0820,0.0000
0.9967,-0.0806,0.0000
0.9969,-0.0792,0.0000
0.9970,-0.0777,0.0000
0.9971,-0.0763,0.0000
0.9972,-0.0749,0.0000
0.9973,-0.0734,0.0000
0.9974,-0.0720,0.0000
0.9975,-0.0705,0.0000
0.9976,-0.0691,0.0000
0.9977,-0.0676,0.0000
0.9978,-0.0661,0.0000
0.9979,-0.0647,0.0000
0.9980,-0.0632,0.0000
0.9981,-0.0617,0.0000
0.9982,-0.0602,0.0000
0.9983,-0.0587,0.0000
0.9984,-0.0572,0.0000
0.9984,-0.0557,0.0000
0.9985,-0.0542,0.0000
0.9986,-0.0527,0.0000
0.9987,-0.0512,0.0000
0.9988,-0.0497,0.0000
0.9988,-0.0482,0.0000
0.9989,-0.0466,0.0000
0.9990,-0.0451,0.0000
0.9990,-0.0436,0.0000
0.9991,-0.0421,0.0000
0.9992,-0.0405,0.0000
0.9992,-0.0390,0.0000
0.9993,-0.0375,0.0000
0.9994,-0.0359,0.0000
0.9994,-0.0344,0.0000
0.9995,-0.0328,0.0000
0.9995,-0.0313,0.0000
0.9996,-0.0297,0.0000
0.9996,-0.0282,0.0000
0.9996,-0.0266,0.0000
0.9997,-0.0251,0.0000
0.9997,-0.0235,0.0000
0.9998,-0.0219,0.0000
0.9998,-0.0204,0.0000
0.9998,-0.0188,0.0000
0.9999,-0.0173,0.0000
0.9999,-0.0157,0.0000
0.9999,-0.0141,0.0000
0.9999,-0.0126,0.0000
0.9999,-0.0110,0.0000
1.0000,-0.0094,0.0000
1.0000,-0.0079,0.0000
1.0000,-0.0063,0.0000
1.0000,-0.0047,0.0000
1.0000,-0.0031,0.0000
1.0000,-0.0016,0.0000
