1.0000,0.0000,0.0000
0.9999,0.0116,0.0000
0.9997,0.0233,0.0000
0.9994,0.0349,0.0000
0.9989,0.0465,0.0000
0.9983,0.0581,0.0000
0.9976,0.0698,0.0000
0.9967,0.0814,0.0000
0.9957,0.0929,0.0000
0.9945,0.1045,0.0000
0.9932,0.1161,0.0000
0.9918,0.1276,0.0000
0.9903,0.1392,0.0000
0.9886,0.1507,0.0000
0.9868,0.1622,0.0000
0.9848,0.1736,0.0000
0.9827,0.1851,0.0000
0.9805,0.1965,0.0000
0.9781,0.2079,0.0000
0.9757,0.2193,0.0000
0.9730,0.2306,0.0000
0.9703,0.2419,0.0000
0.9674,0.2532,0.0000
0.9644,0.2644,0.0000
0.9613,0.2756,0.0000
0.9580,0.2868,0.0000
0.9546,0.2979,0.0000
0.9511,0.3090,0.0000
0.9474,0.3201,0.0000
0.9436,0.3311,0.0000
0.9397,0.3420,0.0000
0.9356,0.3529,0.0000
0.9315,0.3638,0.0000
0.9272,0.3746,0.0000
0.9228,0.3854,0.0000
0.9182,0.3961,0.0000
0.9135,0.4067,0.0000
0.9088,0.4173,0.0000
0.9038,0.4279,0.0000
0.8988,0.4384,0.0000
0.8936,0.4488,0.0000
0.8884,0.4592,0.0000
0.8829,0.4695,0.0000
0.8774,0.4797,0.0000
0.8718,0.4899,0.0000
0.8660,0.5000,0.0000
0.8601,0.5100,0.0000
0.8542,0.5200,0.0000
0.8480,0.5299,0.0000
0.8418,0.5398,0.0000
0.8355,0.5495,0.0000
0.8290,0.5592,0.0000
0.8225,0.5688,0.0000
0.8158,0.5783,0.0000
0.8090,0.5878,0.0000
0.8021,0.5972,0.0000
0.7951,0.6065,0.0000
0.7880,0.6157,0.0000
0.7808,0.6248,0.0000
0.7735,0.6338,0.0000
0.7660,0.6428,0.0000
0.7585,0.6517,0.0000
0.7509,0.6604,0.0000
0.7431,0.6691,0.0000
0.7353,0.6777,0.0000
0.7274,0.6862,0.0000
0.7193,0.6947,0.0000
0.7112,0.7030,0.0000
0.7030,0.7112,0.0000
0.6947,0.7193,0.0000
0.6862,0.7274,0.0000
0.6777,0.7353,0.0000
0.6691,0.7431,0.0000
0.6604,0.7509,0.0000
0.6517,0.7585,0.0000
0.6428,0.7660,0.0000
0.6338,0.7735,0.0000
0.6248,0.7808,0.0000
0.6157,0.7880,0.0000
0.6065,0.7951,0.0000
0.5972,0.8021,0.0000
0.5878,0.8090,0.0000
0.5783,0.8158,0.0000
0.5688,0.8225,0.0000
0.5592,0.8290,0.0000
0.5495,0.8355,0.0000
0.5398,0.8418,0.0000
0.5299,0.8480,0.0000
0.5200,0.8542,0.0000
0.5100,0.8601,0.0000
0.5000,0.8660,0.0000
0.4899,0.8718,0.0000
0.4797,0.8774,0.0000
0.4695,0.8829,0.0000
0.4592,0.8884,0.0000
0.4488,0.8936,0.0000
0.4384,0.8988,0.0000
0.4279,0.9038,0.0000
0.4173,0.9088,0.0000
0.4067,0.9135,0.0000
0.3961,0.9182,0.0000
0.3854,0.9228,0.0000
0.3746,0.9272,0.0000
0.3638,0.9315,0.0000
0.3529,0.9356,0.0000
0.3420,0.9397,0.0000
0.3311,0.9436,0.0000
0.3201,0.9474,0.0000
0.3090,0.9511,0.0000
0.2979,0.9546,0.0000
0.2868,0.9580,0.0000
0.2756,0.9613,0.0000
0.2644,0.9644,0.0000
0.2532,0.9674,0.0000
0.2419,0.9703,0.0000
0.2306,0.9730,0.0000
0.2193,0.9757,0.0000
0.2079,0.9781,0.0000
0.1965,0.9805,0.0000
0.1851,0.9827,0.0000
0.1736,0.9848,0.0000
0.1622,0.9868,0.0000
0.1507,0.9886,0.0000
0.1392,0.9903,0.0000
0.1276,0.9918,0.0000
0.1161,0.9932,0.0000
0.1045,0.9945,0.0000
0.0929,0.9957,0.0000
0.0814,0.9967,0.0000
0.0698,0.9976,0.0000
0.0581,0.9983,0.0000
0.0465,0.9989,0.0000
0.0349,0.9994,0.0000
0.0233,0.9997,0.0000
0.0116,0.9999,0.0000
-0.0000,1.0000,0.0000
-0.0116,0.9999,0.0000
-0.0233,0.9997,0.0000
-0.0349,0.9994,0.0000
-0.0465,0.9989,0.0000
-0.0581,0.9983,0.0000
-0.0698,0.9976,0.0000
-0.0814,0.9967,0.0000
-0.0929,0.9957,0.0000
-0.1045,0.9945,0.0000
-0.1161,0.9932,0.0000
-0.1276,0.9918,0.0000
-0.1392,0.9903,0.0000
-0.1507,0.9886,0.0000
-0.1622,0.9868,0.0000
-0.1736,0.9848,0.0000
-0.1851,0.9827,0.0000
-0.1965,0.9805,0.0000
-0.2079,0.9781,0.0000
-0.2193,0.9757,0.0000
-0.2306,0.9730,0.0000
-0.2419,0.9703,0.0000
-0.2532,0.9674,0.0000
-0.2644,0.9644,0.0000
-0.2756,0.9613,0.0000
-0.2868,0.9580,0.0000
-0.2979,0.9546,0.0000
-0.3090,0.9511,0.0000
-0.3201,0.9474,0.0000
-0.3311,0.9436,0.0000
-0.3420,0.9397,0.0000
-0.3529,0.9356,0.0000
-0.3638,0.9315,0.0000
-0.3746,0.9272,0.0000
-0.3854,0.9228,0.0000
-0.3961,0.9182,0.0000
-0.4067,0.9135,0.0000
-0.4173,0.9088,0.0000
-0.4279,0.9038,0.0000
-0.4384,0.8988,0.0000
-0.4488,0.8936,0.0000
-0.4592,0.8884,0.0000
-0.4695,0.8829,0.0000
-0.4797,0.8774,0.0000
-0.4899,0.8718,0.0000
-0.5000,0.8660,0.0000
-0.5100,0.8601,0.0000
-0.5200,0.8542,0.0000
-0.5299,0.8480,0.0000
-0.5398,0.8418,0.0000
-0.5495,0.8355,0.0000
-0.5592,0.8290,0.0000
-0.5688,0.8225,0.0000
-0.5783,0.8158,0.0000
-0.5878,0.8090,0.0000
-0.5972,0.8021,0.0000
-0.6065,0.7951,0.0000
-0.6157,0.7880,0.0000
-0.6248,0.7808,0.0000
-0.6338,0.7735,0.0000
-0.6428,0.7660,0.0000
-0.6517,0.7585,0.0000
-0.6604,0.7509,0.0000
-0.6691,0.7431,0.0000
-0.6777,0.7353,0.0000
-0.6862,0.7274,0.0000
-0.6947,0.7193,0.0000
-0.7030,0.7112,0.0000
-0.7112,0.7030,0.0000
-0.7193,0.6947,0.0000
-0.7274,0.6862,0.0000
-0.7353,0.6777,0.0000
-0.7431,0.6691,0.0000
-0.7509,0.6604,0.0000
-0.7585,0.6517,0.0000
-0.7660,0.6428,0.0000
-0.7735,0.6338,0.0000
-0.7808,0.6248,0.0000
-0.7880,0.6157,0.0000
-0.7951,0.6065,0.0000
-0.8021,0.5972,0.0000
-0.8090,0.5878,0.0000
-0.8158,0.5783,0.0000
-0.8225,0.5688,0.0000
-0.8290,0.5592,0.0000
-0.8355,0.5495,0.0000
-0.8418,0.5398,0.0000
-0.8480,0.5299,0.0000
-0.8542,0.5200,0.0000
-0.8601,0.5100,0.0000
-0.8660,0.5000,0.0000
-0.8718,0.4899,0.0000
-0.8774,0.4797,0.0000
-0.8829,0.4695,0.0000
-0.8884,0.4592,0.0000
-0.8936,0.4488,0.0000
-0.8988,0.4384,0.0000
-0.9038,0.4279,0.0000
-0.9088,0.4173,0.0000
-0.9135,0.4067,0.0000
-0.9182,0.3961,0.0000
-0.9228,0.3854,0.0000
-0.9272,0.3746,0.0000
-0.9315,0.3638,0.0000
-0.9356,0.3529,0.0000
-0.9397,0.3420,0.0000
-0.9436,0.3311,0.0000
-0.9474,0.3201,0.0000
-0.9511,0.3090,0.0000
-0.9546,0.2979,0.0000
-0.9580,0.2868,0.0000
-0.9613,0.2756,0.0000
-0.9644,0.2644,0.0000
-0.9674,0.2532,0.0000
-0.9703,0.2419,0.0000
-0.9730,0.2306,0.0000
-0.9757,0.2193,0.0000
-0.9781,0.2079,0.0000
-0.9805,0.1965,0.0000
-0.9827,0.1851,0.0000
-0.9848,0.1736,0.0000
-0.9868,0.1622,0.0000
-0.9886,0.1507,0.0000
-0.9903,0.1392,0.0000
-0.9918,0.1276,0.0000
-0.9932,0.1161,0.0000
-0.9945,0.1045,0.0000
-0.9957,0.0929,0.0000
-0.9967,0.0814,0.0000
-0.9976,0.0698,0.0000
-0.9983,0.0581,0.0000
-0.9989,0.0465,0.0000
-0.9994,0.0349,0.0000
-0.9997,0.0233,0.0000
-0.9999,0.0116,0.0000
-1.0000,-0.0000,0.0000
-0.9999,-0.0116,0.0000
-0.9997,-0.0233,0.0000
-0.9994,-0.0349,0.0000
-0.9989,-0.0465,0.0000
-0.9983,-0.0581,0.0000
-0.9976,-0.0698,0.0000
-0.9967,-0.0814,0.0000
-0.9957,-0.0929,0.0000
-0.9945,-0.1045,0.0000
-0.9932,-0.1161,0.0000
-0.9918,-0.1276,0.0000
-0.9903,-0.1392,0.0000
-0.9886,-0.1507,0.0000
-0.9868,-0.1622,0.0000
-0.9848,-0.1736,0.0000
-0.9827,-0.1851,0.0000
-0.9805,-0.1965,0.0000
-0.9781,-0.2079,0.0000
-0.9757,-0.2193,0.0000
-0.9730,-0.2306,0.0000
-0.9703,-0.2419,0.0000
-0.9674,-0.2532,0.0000
-0.9644,-0.2644,0.0000
-0.9613,-0.2756,0.0000
-0.9580,-0.2868,0.0000
-0.9546,-0.2979,0.0000
-0.9511,-0.3090,0.0000
-0.9474,-0.3201,0.0000
-0.9436,-0.3311,0.0000
-0.9397,-0.3420,0.0000
-0.9356,-0.3529,0.0000
-0.9315,-0.3638,0.0000
-0.9272,-0.3746,0.0000
-0.9228,-0.3854,0.0000
-0.9182,-0.3961,0.0000
-0.9135,-0.4067,0.0000
-0.9088,-0.4173,0.0000
-0.9038,-0.4279,0.0000
-0.8988,-0.4384,0.0000
-0.8936,-0.4488,0.0000
-0.8884,-0.4592,0.0000
-0.8829,-0.4695,0.0000
-0.8774,-0.4797,0.0000
-0.8718,-0.4899,0.0000
-0.8660,-0.5000,0.0000
-0.8601,-0.5100,0.0000
-0.8542,-0.5200,0.0000
-0.8480,-0.5299,0.0000
-0.8418,-0.5398,0.0000
-0.8355,-0.5495,0.0000
-0.8290,-0.5592,0.0000
-0.8225,-0.5688,0.0000
-0.8158,-0.5783,0.0000
-0.8090,-0.5878,0.0000
0.0000,0.0000,0.0000
0.0000,0.0000,0.0000
0.0000,0.0000,0.0000
0.0000,0.0000,0.0000
0.0000,0.0000,0.0000
0.0000,0.0000,0.0000
0.0000,0.0000,0.0000
0.0000,0.0000,0.0000
0.0000,0.0000,0.0000
0.0000,0.0000,0.0000
0.0000,0.0000,0.0000
0.0000,0.0000,0.0000
0.0000,0.0000,0.0000
0.0000,0.0000,0.0000
0.0000,0.0000,0.0000
0.0000,0.0000,0.0000
0.0000,0.0000,0.0000
0.0000,0.0000,0.0000
0.0000,0.0000,0.0000
0.0000,0.0000,0.0000
0.0000,0.0000,0.0000
0.0000,0.0000,0.0000
0.0000,0.0000,0.0000
0.0000,0.0000,0.0000
0.0000,0.0000,0.0000
0.0000,0.0000,0.0000
0.0000,0.0000,0.0000
0.0000,0.0000,0.0000
0.0000,0.0000,0.0000
0.0000,0.0000,0.0000
0.0000,0.0000,0.0000
0.0000,0.0000,0.0000
0.0000,0.0000,0.0000
0.0000,0.0000,0.0000
0.0000,0.0000,0.0000
0.0000,0.0000,0.0000
0.0000,0.0000,0.0000
0.0000,0.0000,0.0000
0.0000,0.0000,0.0000
0.0000,0.0000,0.0000
0.0000,0.0000,0.0000
0.0000,0.0000,0.0000
0.0000,0.0000,0.0000
0.0000,0.0000,0.0000
0.0000,0.0000,0.0000
0.0000,0.0000,0.0000
0.0000,0.0000,0.0000
0.0000,0.0000,0.0000
0.0000,0.0000,0.0000
0.0000,0.0000,0.0000
0.0000,0.0000,0.0000
0.0000,0.0000,0.0000
0.0000,0.0000,0.0000
0.0000,0.0000,0.0000
0.0000,0.0000,0.0000
0.0000,0.0000,0.0000
0.0000,0.0000,0.0000
0.0000,0.0000,0.0000
0.0000,0.0000,0.0000
0.0000,0.0000,0.0000
0.0000,0.0000,0.0000
0.0000,0.0000,0.0000
0.0000,0.0000,0.0000
0.0000,0.0000,0.0000
0.0000,0.0000,0.0000
0.0000,0.0000,0.0000
0.0000,0.0000,0.0000
0.0000,0.0000,0.0000
0.0000,0.0000,0.0000
0.0000,0.0000,0.0000
0.0000,0.0000,0.0000
0.0000,0.0000,0.0000
0.0000,0.0000,0.0000
0.0000,0.0000,0.0000
0.0000,0.0000,0.0000
0.0000,0.0000,0.0000
0.0000,0.0000,0.0000
0.0000,0.0000,0.0000
0.0000,0.0000,0.0000
0.0000,0.0000,0.0000
0.0000,0.0000,0.0000
0.0000,0.0000,0.0000
0.0000,0.0000,0.0000
0.0000,0.0000,0.0000
0.0000,0.0000,0.0000
0.0000,0.0000,0.0000
0.0000,0.0000,0.0000
0.0000,0.0000,0.0000
0.0000,0.0000,0.0000
0.0000,0.0000,0.0000
0.0000,0.0000,0.0000
0.0000,0.0000,0.0000
0.0000,0.0000,0.0000
0.0000,0.0000,0.0000
0.0000,0.0000,0.0000
0.0000,0.0000,0.0000
0.0000,0.0000,0.0000
0.0000,0.0000,0.0000
0.0000,0.0000,0.0000
0.0000,0.0000,0.0000
0.0000,0.0000,0.0000
0.0000,0.0000,0.0000
0.0000,0.0000,0.0000
0.0000,0.0000,0.0000
0.0000,0.0000,0.0000
0.0000,0.0000,0.0000
0.0000,0.0000,0.0000
0.0000,0.0000,0.0000
0.0000,0.0000,0.0000
0.0000,0.0000,0.0000
0.0000,0.0000,0.0000
0.0000,0.0000,0.0000
0.0000,0.0000,0.0000
0.0000,0.0000,0.0000
0.0000,0.0000,0.0000
0.0000,0.0000,0.0000
0.0000,0.0000,0.0000
0.0000,0.0000,0.0000
0.0000,0.0000,0.0000
0.0000,0.0000,0.0000
0.0000,0.0000,0.0000
0.0000,0.0000,0.0000
0.0000,0.0000,0.0000
0.0000,0.0000,0.0000
0.0000,0.0000,0.0000
0.0000,0.0000,0.0000
0.0000,0.0000,0.0000
0.0000,0.0000,0.0000
0.0000,0.0000,0.0000
0.0000,0.0000,0.0000
0.0000,0.0000,0.0000
0.0000,0.0000,0.0000
0.0000,0.0000,0.0000
0.0000,0.0000,0.0000
0.0000,0.0000,0.0000
0.0000,0.0000,0.0000
0.0000,0.0000,0.0000
0.0000,0.0000,0.0000
0.0000,0.0000,0.0000
0.0000,0.0000,0.0000
0.0000,0.0000,0.0000
0.0000,0.0000,0.0000
0.0000,0.0000,0.0000
0.0000,0.0000,0.0000
0.0000,0.0000,0.0000
0.0000,0.0000,0.0000
0.0000,0.0000,0.0000
0.0000,0.0000,0.0000
0.0000,0.0000,0.0000
0.0000,0.0000,0.0000
0.0000,0.0000,0.0000
0.0000,0.0000,0.0000
0.0000,0.0000,0.0000
0.0000,0.0000,0.0000
0.0000,0.0000,0.0000
0.0000,0.0000,0.0000
0.0000,0.0000,0.0000
0.0000,0.0000,0.0000
0.0000,0.0000,0.0000
0.0000,0.0000,0.0000
0.0000,0.0000,0.0000
0.0000,0.0000,0.0000
0.0000,0.0000,0.0000
0.0000,0.0000,0.0000
0.0000,0.0000,0.0000
0.0000,0.0000,0.0000
0.0000,0.0000,0.0000
0.0000,0.0000,0.0000
0.0000,0.0000,0.0000
0.0000,0.0000,0.0000
0.0000,0.0000,0.0000
0.0000,0.0000,0.0000
0.0000,0.0000,0.0000
0.0000,0.0000,0.0000
0.0000,0.0000,0.0000
0.0000,0.0000,0.0000
0.0000,0.0000,0.0000
0.0000,0.0000,0.0000
0.0000,0.0000,0.0000
0.0000,0.0000,0.0000
0.0000,0.0000,0.0000
0.0000,0.0000,0.0000
0.0000,0.0000,0.0000
0.0000,0.0000,0.0000
0.0000,0.0000,0.0000
0.0000,0.0000,0.0000
0.0000,0.0000,0.0000
0.0000,0.0000,0.0000
0.0000,0.0000,0.0000
0.0000,0.0000,0.0000
0.0000,0.0000,0.0000
0.0000,0.0000,0.0000
0.0000,0.0000,0.0000
0.0000,0.0000,0.0000
0.0000,0.0000,0.0000
0.0000,0.0000,0.0000
0.0000,0.0000,0.0000
0.0000,0.0000,0.0000
0.0000,0.0000,0.0000
0.0000,0.0000,0.0000
0.0000,0.0000,0.0000
0.0000,0.0000,0.0000
0.0000,0.0000,0.0000
0.0000,0.0000,0.0000
0.0000,0.0000,0.0000
0.0000,0.0000,0.0000
0.0000,0.0000,0.0000
0.0000,0.0000,0.0000
0.0000,0.0000,0.0000
0.0000,0.0000,0.0000
0.0000,0.0000,0.0000
0.0000,0.0000,0.0000
0.0000,0.0000,0.0000
0.0000,0.0000,0.0000
0.0000,0.0000,0.0000
