1.0,0.0,0.0
0.9978,0.0665,0.0
0.9915,0.1328,0.0
0.9810,0.1986,0.0
0.9664,0.2635,0.0
0.9478,0.3270,0.0
0.9251,0.3887,0.0
0.8984,0.4481,0.0
0.8678,0.5048,0.0
0.8334,0.5585,0.0
0.7953,0.6088,0.0
0.7536,0.6553,0.0
0.7085,0.6977,0.0
0.6602,0.7357,0.0
0.6088,0.7691,0.0
0.5547,0.7976,0.0
0.4980,0.8211,0.0
0.4389,0.8395,0.0
0.3778,0.8525,0.0
0.3150,0.8602,0.0
0.2510,0.8624,0.0
0.1861,0.8591,0.0
0.1207,0.8503,0.0
0.0554,0.8360,0.0
0.0,0.8163,0.0
-0.0554,0.7912,0.0
-0.1207,0.7610,0.0
-0.1861,0.7257,0.0
-0.2510,0.6857,0.0
-0.3150,0.6412,0.0
-0.3778,0.5923,0.0
-0.4389,0.5395,0.0
-0.4980,0.4831,0.0
-0.5547,0.4233,0.0
-0.6088,0.3606,0.0
-0.6602,0.2953,0.0
-0.7085,0.2278,0.0
-0.7536,0.1586,0.0
-0.7953,0.0881,0.0
-0.8334,0.0167,0.0
-0.8678,-0.0554,0.0
-0.8984,-0.1281,0.0
-0.9251,-0.2007,0.0
-0.9478,-0.2724,0.0
-0.9664,-0.3427,0.0
-0.9810,-0.4110,0.0
-0.9915,-0.4766,0.0
-0.9978,-0.5391,0.0
-1.0,-0.5977,0.0
-0.9978,-0.6521,0.0
-0.9915,-0.7017,0.0
-0.9810,-0.7463,0.0
-0.9664,-0.7857,0.0
-0.9478,-0.8196,0.0
-0.9251,-0.8479,0.0
-0.8984,-0.8705,0.0
-0.8678,-0.8873,0.0
-0.8334,-0.8984,0.0
-0.7953,-0.9037,0.0
-0.7536,-0.9033,0.0
-0.7085,-0.8974,0.0
-0.6602,-0.8860,0.0
-0.6088,-0.8694,0.0
-0.5547,-0.8478,0.0
-0.4980,-0.8215,0.0
-0.4389,-0.7910,0.0
-0.3778,-0.7566,0.0
-0.3150,-0.7185,0.0
-0.2510,-0.6771,0.0
-0.1861,-0.6327,0.0
-0.1207,-0.5857,0.0
-0.0554,-0.5365,0.0
0.0,-0.4855,0.0
0.0554,-0.4332,0.0
0.1207,-0.3801,0.0
0.1861,-0.3267,0.0
0.2510,-0.2735,0.0
0.3150,-0.2209,0.0
0.3778,-0.1696,0.0
0.4389,-0.1200,0.0
0.4980,-0.0725,0.0
0.5547,-0.0277,0.0
0.6088,0.0132,0.0
0.6602,0.0501,0.0
0.7085,0.0827,0.0
0.7536,0.1109,0.0
0.7953,0.1346,0.0
0.8334,0.1536,0.0
0.8678,0.1678,0.0
0.8984,0.1772,0.0
0.9251,0.1819,0.0
0.9478,0.1819,0.0
0.9664,0.1772,0.0
0.9810,0.1681,0.0
0.9915,0.1548,0.0
0.9978,0.1377,0.0
1.0,0.1171,0.0