0.6933,0.3466,0.1981
0.6931,0.3605,0.1722
0.6976,0.3668,0.1372
0.7043,0.3672,0.0953
0.7206,0.3677,0.0494
0.7344,0.3633,0.0000
0.7349,0.3502,-0.0494
0.7225,0.3304,-0.0942
0.7223,0.3165,-0.1347
0.7210,0.3031,-0.1681
0.7195,0.2921,-0.1924
0.7186,0.2852,-0.2056
0.6501,0.2585,-0.1849
0.5283,0.2197,-0.1344
0.3975,0.1872,-0.0706
0.2615,0.1622,-0.0000
0.1240,0.1457,0.0706
-0.0113,0.1381,0.1344
-0.1404,0.1394,0.1849
-0.2597,0.1489,0.2174
-0.3659,0.1655,0.2286
-0.4560,0.1877,0.2174
-0.5275,0.2138,0.1849
-0.5787,0.2415,0.1344
-0.6084,0.2686,0.0706
-0.6159,0.2928,0.0000
-0.6016,0.3118,-0.0706
-0.5662,0.3234,-0.1344
-0.5112,0.3259,-0.1849
-0.4388,0.3176,-0.2174
-0.3516,0.2977,-0.2286
-0.2525,0.2655,-0.2174
-0.1449,0.2209,-0.1849
-0.0323,0.1646,-0.1344
0.0819,0.0976,-0.0706
0.1941,0.0215,-0.0000
0.3011,-0.0615,0.0706
0.4000,-0.1490,0.1344
0.4882,-0.2380,0.1849
0.5636,-0.3256,0.2174
0.6247,-0.4084,0.2286
0.6276,-0.4525,0.2034
0.6172,-0.4822,0.1628
0.6077,-0.5076,0.1140
0.5982,-0.5279,0.0589
0.5884,-0.5420,0.0000
0.5788,-0.5490,-0.0600
0.5707,-0.5480,-0.1183
0.5663,-0.5382,-0.1721
0.5644,-0.5142,-0.2174
0.5188,-0.4313,-0.2286
0.4739,-0.3313,-0.2174
0.4320,-0.2168,-0.1849
0.3952,-0.0904,-0.1344
0.3650,0.0443,-0.0706
0.3427,0.1839,-0.0000
0.3289,0.3244,0.0706
0.3239,0.4621,0.1344
0.3273,0.5930,0.1849
0.3304,0.6969,0.2123
0.3083,0.7112,0.1981
0.2992,0.7217,0.1722
0.2986,0.7294,0.1372
0.3035,0.7340,0.0953
0.3157,0.7449,0.0494
0.3290,0.7504,-0.0000
0.3378,0.7407,-0.0494
0.3411,0.7175,-0.0942
0.3499,0.7067,-0.1347
0.3575,0.6957,-0.1681
0.3634,0.6862,-0.1924
0.3671,0.6804,-0.2056
0.3318,0.6159,-0.1849
0.2634,0.5079,-0.1344
0.1842,0.3989,-0.0706
0.0961,0.2923,0.0000
0.0013,0.1913,0.0706
-0.0974,0.0986,0.1344
-0.1971,0.0165,0.1849
-0.2946,-0.0529,0.2174
-0.3866,-0.1084,0.2286
-0.4700,-0.1493,0.2174
-0.5415,-0.1753,0.1849
-0.5986,-0.1870,0.1344
-0.6387,-0.1853,0.0706
-0.6600,-0.1716,0.0000
-0.6612,-0.1479,-0.0706
-0.6416,-0.1162,-0.1344
-0.6011,-0.0790,-0.1849
-0.5403,-0.0387,-0.2174
-0.4607,0.0021,-0.2286
-0.3641,0.0410,-0.2174
-0.2530,0.0761,-0.1849
-0.1305,0.1053,-0.1344
0.0000,0.1274,-0.0706
0.1349,0.1412,-0.0000
0.2702,0.1464,0.0706
0.4022,0.1430,0.1344
0.5270,0.1315,0.1849
0.6410,0.1129,0.2174
0.7411,0.0887,0.2286
0.7716,0.0568,0.2034
0.7828,0.0274,0.1628
0.7918,0.0018,0.1140
0.7976,-0.0198,0.0589
0.7991,-0.0369,-0.0000
0.7963,-0.0485,-0.0600
0.7894,-0.0529,-0.1183
0.7798,-0.0483,-0.1721
0.7629,-0.0311,-0.2174
0.6746,0.0031,-0.2286
0.5760,0.0508,-0.2174
0.4703,0.1117,-0.1849
0.3608,0.1847,-0.1344
0.2511,0.2686,-0.0706
0.1443,0.3611,-0.0000
0.0434,0.4599,0.0706
-0.0489,0.5622,0.1344
-0.1304,0.6647,0.1849
-0.1948,0.7463,0.2123
-0.2210,0.7429,0.1981
-0.2347,0.7452,0.1722
-0.2401,0.7507,0.1372
-0.2393,0.7574,0.0953
-0.2370,0.7735,0.0494
-0.2303,0.7863,0.0000
-0.2173,0.7846,-0.0494
-0.1999,0.7689,-0.0942
-0.1862,0.7663,-0.1347
-0.1733,0.7627,-0.1681
-0.1627,0.7593,-0.1924
-0.1561,0.7572,-0.2056
-0.1417,0.6851,-0.1849
-0.1247,0.5584,-0.1344
-0.1153,0.4240,-0.0706
-0.1143,0.2857,0.0000
-0.1219,0.1474,0.0706
-0.1380,0.0129,0.1344
-0.1616,-0.1140,0.1849
-0.1917,-0.2299,0.2174
-0.2265,-0.3316,0.2286
-0.2641,-0.4164,0.2174
-0.3021,-0.4824,0.1849
-0.3383,-0.5280,0.1344
-0.3702,-0.5525,0.0706
-0.3953,-0.5557,-0.0000
-0.4115,-0.5383,-0.0706
-0.4168,-0.5014,-0.1344
-0.4097,-0.4469,-0.1849
-0.3890,-0.3770,-0.2174
-0.3542,-0.2946,-0.2286
-0.3053,-0.2026,-0.2174
-0.2427,-0.1044,-0.1849
-0.1677,-0.0032,-0.1344
-0.0819,0.0976,-0.0706
0.0125,0.1949,-0.0000
0.1129,0.2859,0.0706
0.2162,0.3681,0.1344
0.3192,0.4394,0.1849
0.4185,0.4985,0.2174
0.5107,0.5443,0.2286
0.5546,0.5395,0.2034
0.5820,0.5241,0.1628
0.6054,0.5104,0.1140
0.6237,0.4975,0.0589
0.6359,0.4854,0.0000
0.6411,0.4747,-0.0600
0.6388,0.4669,-0.1183
0.6284,0.4642,-0.1721
0.6044,0.4666,-0.2174
0.5148,0.4360,-0.2286
0.4086,0.4091,-0.2174
0.2885,0.3878,-0.1849
0.1577,0.3735,-0.1344
0.0197,0.3672,-0.0706
-0.1216,0.3694,0.0000
-0.2624,0.3803,0.0706
-0.3988,0.3992,0.1344
-0.5271,0.4253,0.1849
-0.6290,0.4465,0.2123
-0.6468,0.4271,0.1981
-0.6588,0.4200,0.1722
-0.6664,0.4207,0.1372
-0.6702,0.4263,0.0953
-0.6788,0.4402,0.0494
-0.6818,0.4543,0.0000
-0.6708,0.4613,-0.0494
-0.6474,0.4605,-0.0942
-0.6352,0.4673,-0.1347
-0.6230,0.4728,-0.1681
-0.6127,0.4771,-0.1924
-0.6063,0.4797,-0.2056
-0.5489,0.4338,-0.1849
-0.4544,0.3476,-0.1344
-0.3609,0.2507,-0.0706
-0.2712,0.1454,0.0000
-0.1881,0.0345,0.0706
-0.1140,-0.0788,0.1344
-0.0505,-0.1912,0.1849
0.0009,-0.2993,0.2174
0.0396,-0.3996,0.2286
0.0654,-0.4887,0.2174
0.0786,-0.5637,0.1849
0.0802,-0.6220,0.1344
0.0716,-0.6612,0.0706
0.0544,-0.6798,-0.0000
0.0308,-0.6769,-0.0706
0.0030,-0.6520,-0.1344
-0.0266,-0.6057,-0.1849
-0.0557,-0.5389,-0.2174
-0.0820,-0.4533,-0.2286
-0.1036,-0.3514,-0.2174
-0.1188,-0.2360,-0.1849
-0.1264,-0.1102,-0.1344
-0.1254,0.0221,-0.0706
-0.1157,0.1573,-0.0000
-0.0973,0.2915,0.0706
-0.0710,0.4209,0.1344
-0.0380,0.5418,0.1849
0.0001,0.6509,0.2174
0.0414,0.7453,0.2286
0.0780,0.7698,0.2034
0.1090,0.7756,0.1628
0.1357,0.7801,0.1140
0.1580,0.7820,0.0589
0.1751,0.7806,0.0000
0.1860,0.7758,-0.0600
0.1892,0.7682,-0.1183
0.1830,0.7595,-0.1721
0.1631,0.7459,-0.2174
0.1141,0.6649,-0.2286
0.0500,0.5761,-0.2174
-0.0283,0.4825,-0.1849
-0.1193,0.3874,-0.1344
-0.2209,0.2939,-0.0706
-0.3306,0.2048,-0.0000
-0.4454,0.1226,0.0706
-0.5621,0.0495,0.1344
-0.6772,-0.0130,0.1849
-0.7688,-0.0623,0.2123
-0.7700,-0.0886,0.1981
-0.7746,-0.1017,0.1722
-0.7810,-0.1061,0.1372
-0.7874,-0.1042,0.0953
-0.8029,-0.0991,0.0494
-0.8143,-0.0902,0.0000
-0.8104,-0.0778,-0.0494
-0.7919,-0.0634,-0.0942
-0.7870,-0.0503,-0.1347
-0.7812,-0.0383,-0.1681
-0.7760,-0.0284,-0.1924
-0.7728,-0.0223,-0.2056
-0.6993,-0.0206,-0.1849
-0.5716,-0.0258,-0.1344
-0.4376,-0.0399,-0.0706
-0.3012,-0.0629,0.0000
-0.1663,-0.0945,0.0706
-0.0366,-0.1336,0.1344
0.0842,-0.1790,0.1849
0.1931,-0.2287,0.2174
0.2872,-0.2806,0.2286
0.3643,-0.3324,0.2174
0.4226,-0.3813,0.1849
0.4612,-0.4249,0.1344
0.4798,-0.4605,0.0706
0.4786,-0.4858,0.0000
0.4587,-0.4987,-0.0706
0.4214,-0.4975,-0.1344
0.3689,-0.4811,-0.1849
0.3037,-0.4486,-0.2174
0.2286,-0.4000,-0.2286
0.1465,-0.3358,-0.2174
0.0606,-0.2572,-0.1849
-0.0259,-0.1657,-0.1344
-0.1103,-0.0637,-0.0706
-0.1897,0.0462,-0.0000
-0.2619,0.1608,0.0706
-0.3249,0.2768,0.1344
-0.3773,0.3906,0.1849
-0.4183,0.4987,0.2174
-0.4474,0.5975,0.2286
-0.4350,0.6398,0.2034
-0.4151,0.6642,0.1628
-0.3975,0.6848,0.1140
-0.3816,0.7006,0.0589
-0.3676,0.7105,0.0000
-0.3562,0.7138,-0.0600
-0.3489,0.7101,-0.1183
-0.3481,0.6994,-0.1721
-0.3545,0.6762,-0.2174
-0.3400,0.5827,-0.2286
-0.3320,0.4734,-0.2174
-0.3318,0.3514,-0.1849
-0.3404,0.2201,-0.1344
-0.3582,0.0832,-0.0706
-0.3849,-0.0556,-0.0000
-0.4200,-0.1924,0.0706
-0.4624,-0.3234,0.1344
-0.5104,-0.4453,0.1849
-0.5489,-0.5419,0.2123
-0.5329,-0.5628,0.1981
-0.5280,-0.5758,0.1722
-0.5301,-0.5833,0.1372
-0.5362,-0.5860,0.0953
-0.5514,-0.5920,0.0494
-0.5658,-0.5926,0.0000
-0.5708,-0.5805,-0.0494
-0.5659,-0.5576,-0.0942
-0.5705,-0.5444,-0.1347
-0.5738,-0.5315,-0.1681
-0.5762,-0.5205,-0.1924
-0.5777,-0.5138,-0.2056
-0.5225,-0.4653,-0.1849
-0.4212,-0.3872,-0.1344
-0.3096,-0.3118,-0.0706
-0.1903,-0.2418,0.0000
-0.0667,-0.1793,0.0706
0.0578,-0.1259,0.1344
0.1796,-0.0830,0.1849
0.2949,-0.0511,0.2174
0.4004,-0.0304,0.2286
0.4927,-0.0205,0.2174
0.5688,-0.0205,0.1849
0.6264,-0.0290,0.1344
0.6636,-0.0443,0.0706
0.6789,-0.0645,-0.0000
0.6719,-0.0872,-0.0706
0.6426,-0.1103,-0.1344
0.5918,-0.1314,-0.1849
0.5210,-0.1484,-0.2174
0.4322,-0.1595,-0.2286
0.3281,-0.1631,-0.2174
0.2117,-0.1580,-0.1849
0.0866,-0.1436,-0.1344
-0.0436,-0.1197,-0.0706
-0.1750,-0.0866,0.0000
-0.3040,-0.0452,0.0706
-0.4268,0.0032,0.1344
-0.5401,0.0567,0.1849
-0.6410,0.1132,0.2174
-0.7268,0.1701,0.2286
-0.7445,0.2105,0.2034
-0.7449,0.2420,0.1628
-0.7447,0.2691,0.1140
-0.7427,0.2914,0.0589
-0.7383,0.3080,0.0000
-0.7317,0.3179,-0.0600
-0.7237,0.3197,-0.1183
-0.7162,0.3121,-0.1721
-0.7062,0.2901,-0.2174
-0.6350,0.2278,-0.2286
-0.5586,0.1493,-0.2174
-0.4801,0.0559,-0.1849
-0.4023,-0.0502,-0.1344
-0.3278,-0.1665,-0.0706
-0.2591,-0.2900,-0.0000
-0.1981,-0.4174,0.0706
-0.1463,-0.5450,0.1344
-0.1048,-0.6692,0.1849
-0.0722,-0.7679,0.2123
-0.0464,-0.7737,0.1981
-0.0343,-0.7805,0.1722
-0.0311,-0.7875,0.1372
-0.0341,-0.7936,0.0953
-0.0419,-0.8079,0.0494
-0.0525,-0.8176,-0.0000
-0.0641,-0.8116,-0.0494
-0.0751,-0.7909,-0.0942
-0.0871,-0.7838,-0.1347
-0.0980,-0.7760,-0.1681
-0.1068,-0.7691,-0.1924
-0.1123,-0.7649,-0.2056
-0.1012,-0.6923,-0.1849
-0.0738,-0.5674,-0.1344
-0.0367,-0.4379,-0.0706
0.0097,-0.3076,0.0000
0.0642,-0.1802,0.0706
0.1252,-0.0593,0.1344
0.1909,0.0519,0.1849
0.2587,0.1505,0.2174
0.3262,0.2341,0.2286
0.3906,0.3010,0.2174
0.4489,0.3500,0.1849
0.4985,0.3805,0.1344
0.5368,0.3926,0.0706
0.5615,0.3870,0.0000
0.5708,0.3651,-0.0706
0.5632,0.3286,-0.1344
0.5378,0.2798,-0.1849
0.4945,0.2212,-0.2174
0.4336,0.1556,-0.2286
0.3562,0.0860,-0.2174
0.2638,0.0151,-0.1849
0.1587,-0.0543,-0.1344
0.0436,-0.1197,-0.0706
-0.0784,-0.1788,0.0000
-0.2038,-0.2300,0.0706
-0.3290,-0.2719,0.1344
-0.4502,-0.3038,0.1849
-0.5637,-0.3253,0.2174
-0.6661,-0.3368,0.2286
-0.7056,-0.3173,0.2034
-0.7262,-0.2935,0.1628
-0.7435,-0.2725,0.1140
-0.7563,-0.2542,0.0589
-0.7636,-0.2386,0.0000
-0.7648,-0.2268,-0.0600
-0.7599,-0.2203,-0.1183
-0.7493,-0.2213,-0.1721
-0.7275,-0.2317,-0.2174
-0.6329,-0.2336,-0.2286
-0.5239,-0.2447,-0.2174
-0.4037,-0.2658,-0.1849
-0.2759,-0.2970,-0.1344
-0.1441,-0.3383,-0.0706
-0.0121,-0.3887,-0.0000
0.1165,-0.4471,0.0706
0.2382,-0.5115,0.1344
0.3499,-0.5800,0.1849
0.4383,-0.6346,0.2123
0.4617,-0.6225,0.1981
0.4754,-0.6199,0.1722
0.4824,-0.6233,0.1372
0.4840,-0.6298,0.0953
0.4873,-0.6458,0.0494
0.4853,-0.6601,0.0000
0.4725,-0.6629,-0.0494
0.4508,-0.6541,-0.0942
0.4371,-0.6564,-0.1347
0.4237,-0.6574,-0.1681
0.4126,-0.6579,-0.1924
0.4057,-0.6581,-0.2056
0.3675,-0.5953,-0.1849
0.3081,-0.4821,-0.1344
0.2534,-0.3590,-0.0706
0.2051,-0.2294,0.0000
0.1650,-0.0968,0.0706
0.1341,0.0351,0.1344
0.1129,0.1624,0.1849
0.1015,0.2816,0.2174
0.0994,0.3890,0.2286
0.1057,0.4816,0.2174
0.1189,0.5566,0.1849
0.1373,0.6119,0.1344
0.1589,0.6458,0.0706
0.1814,0.6574,0.0000
0.2026,0.6466,-0.0706
0.2202,0.6137,-0.1344
0.2321,0.5600,-0.1849
0.2366,0.4873,-0.2174
0.2321,0.3979,-0.2286
0.2176,0.2948,-0.2174
0.1924,0.1811,-0.1849
0.1565,0.0604,-0.1344
0.1103,-0.0637,-0.0706
0.0549,-0.1874,0.0000
-0.0083,-0.3072,0.0706
-0.0772,-0.4198,0.1344
-0.1496,-0.5221,0.1849
-0.2227,-0.6116,0.2174
-0.2938,-0.6862,0.2286
-0.3366,-0.6966,0.2034
-0.3677,-0.6916,0.1628
-0.3943,-0.6867,0.1140
-0.4160,-0.6808,0.0589
-0.4316,-0.6736,-0.0000
-0.4401,-0.6654,-0.0600
-0.4406,-0.6572,-0.1183
-0.4317,-0.6512,-0.1721
-0.4083,-0.6451,-0.2174
-0.3346,-0.5858,-0.2286
-0.2440,-0.5242,-0.2174
-0.1384,-0.4631,-0.1849
-0.0204,-0.4049,-0.1344
0.1070,-0.3518,-0.0706
0.2406,-0.3056,-0.0000
0.3766,-0.2676,0.0706
0.5113,-0.2388,0.1344
0.6408,-0.2194,0.1849
0.7437,-0.2044,0.2123
0.7539,-0.1801,0.1981
0.7627,-0.1693,0.1722
0.7702,-0.1674,0.1372
0.7756,-0.1714,0.0953
0.7884,-0.1815,0.0494
0.7961,-0.1937,0.0000
0.7881,-0.2041,-0.0494
0.7658,-0.2113,-0.0942
0.7567,-0.2219,-0.1347
0.7472,-0.2312,-0.1681
0.7389,-0.2388,-0.1924
0.7338,-0.2434,-0.2056
0.6642,-0.2199,-0.1849
0.5459,-0.1712,-0.1344
0.4248,-0.1122,-0.0706
0.3046,-0.0439,-0.0000
0.1886,0.0319,0.0706
0.0801,0.1130,0.1344
-0.0179,0.1970,0.1849
-0.1032,0.2809,0.2174
-0.1739,0.3619,0.2286
-0.2286,0.4369,0.2174
-0.2667,0.5029,0.1849
-0.2881,0.5570,0.1344
-0.2934,0.5968,0.0706
-0.2836,0.6202,0.0000
-0.2604,0.6255,-0.0706
-0.2258,0.6117,-0.1344
-0.1822,0.5782,-0.1849
-0.1320,0.5254,-0.2174
-0.0780,0.4541,-0.2286
-0.0228,0.3657,-0.2174
0.0310,0.2624,-0.1849
0.0811,0.1468,-0.1344
0.1254,0.0221,-0.0706
0.1625,-0.1083,0.0000
0.1911,-0.2407,0.0706
0.2107,-0.3712,0.1344
0.2210,-0.4961,0.1849
0.2225,-0.6117,0.2174
0.2160,-0.7145,0.2286
0.1899,-0.7500,0.2034
0.1629,-0.7661,0.1628
0.1393,-0.7795,0.1140
0.1190,-0.7889,0.0589
0.1024,-0.7934,0.0000
0.0905,-0.7926,-0.0600
0.0849,-0.7866,-0.1183
0.0878,-0.7763,-0.1721
0.1019,-0.7567,-0.2174
0.1202,-0.6638,-0.2286
0.1500,-0.5584,-0.2174
0.1916,-0.4437,-0.1849
0.2446,-0.3233,-0.1344
0.3081,-0.2007,-0.0706
0.3807,-0.0794,-0.0000
0.4605,0.0371,0.0706
0.5451,0.1457,0.1344
0.6319,0.2439,0.1849
0.7011,0.3215,0.2123
